Dynamical matrix file

  2    4   0     7.9272343     0.0000000     0.0000000     0.0000000     0.0000000     0.0000000
Basis vectors
      1.000000000   -0.000000000    0.000000000
     -0.500000000    0.866025404    0.000000000
     -0.000000000    0.000000000    1.170966248
            1  'Cr  '     47391.546009102
            2  'Sb  '    110977.451040910
    1    1    -0.0000000000     0.0000000000     0.0000000000
    2    1    -0.0000000000    -0.0000000000     0.5854831242
    3    2    -0.0000000005     0.5773502698     0.2927415621
    4    2     0.5000000007     0.2886751344     0.8782246863

     Dynamical  Matrix in cartesian axes

     q = (    0.000000000   0.000000000  -0.426997789 )

    1    1
  0.19113268  -0.00000000     0.00000000  -0.00000000     0.00000000  -0.00000000
  0.00000000   0.00000000     0.19113268  -0.00000000     0.00000000  -0.00000000
  0.00000000   0.00000000     0.00000000  -0.00000000     0.19572048   0.00000000
    1    2
 -0.00000000  -0.00000000    -0.00000000  -0.00000000     0.00000000   0.00000000
 -0.00000000  -0.00000000    -0.00000000  -0.00000000     0.00000000   0.00000000
 -0.00000000   0.00000000    -0.00000000   0.00000000     0.00000000   0.00000000
    1    3
 -0.07281802   0.00000000     0.00000000   0.00000000    -0.00000000   0.00000000
 -0.00000000  -0.00000000    -0.07281802   0.00000000    -0.00000000  -0.00000000
 -0.00000000  -0.00000000    -0.00000000   0.00000000    -0.02669204  -0.00000000
    1    4
  0.07281802  -0.00000000     0.00000000   0.00000000     0.00000000  -0.00000000
 -0.00000000   0.00000000     0.07281802  -0.00000000     0.00000000  -0.00000000
 -0.00000000  -0.00000000     0.00000000  -0.00000000     0.02669204  -0.00000000
    2    1
 -0.00000000   0.00000000    -0.00000000   0.00000000    -0.00000000   0.00000000
 -0.00000000   0.00000000    -0.00000000   0.00000000    -0.00000000  -0.00000000
 -0.00000000  -0.00000000     0.00000000  -0.00000000     0.00000000  -0.00000000
    2    2
  0.19113268   0.00000000    -0.00000000  -0.00000000    -0.00000000  -0.00000000
 -0.00000000   0.00000000     0.19113268   0.00000000    -0.00000000  -0.00000000
 -0.00000000  -0.00000000    -0.00000000   0.00000000     0.19572048   0.00000000
    2    3
 -0.07281802   0.00000000     0.00000000   0.00000000     0.00000000   0.00000000
  0.00000000  -0.00000000    -0.07281802   0.00000000     0.00000000  -0.00000000
  0.00000000  -0.00000000     0.00000000  -0.00000000    -0.02669204   0.00000000
    2    4
 -0.07281802   0.00000000     0.00000000   0.00000000     0.00000000  -0.00000000
 -0.00000000   0.00000000    -0.07281802   0.00000000     0.00000000  -0.00000000
  0.00000000   0.00000000     0.00000000   0.00000000    -0.02669204   0.00000000
    3    1
 -0.07281802  -0.00000000    -0.00000000   0.00000000    -0.00000000  -0.00000000
  0.00000000  -0.00000000    -0.07281802  -0.00000000    -0.00000000   0.00000000
 -0.00000000   0.00000000    -0.00000000   0.00000000    -0.02669204   0.00000000
    3    2
 -0.07281802  -0.00000000     0.00000000  -0.00000000    -0.00000000   0.00000000
  0.00000000   0.00000000    -0.07281802  -0.00000000     0.00000000   0.00000000
  0.00000000   0.00000000     0.00000000  -0.00000000    -0.02669204  -0.00000000
    3    3
  0.18146772   0.00000000     0.00000000   0.00000000     0.00000000   0.00000000
  0.00000000   0.00000000     0.18146772   0.00000000    -0.00000000   0.00000000
  0.00000000   0.00000000     0.00000000  -0.00000000     0.12688684  -0.00000000
    3    4
  0.00000000   0.00000000    -0.00000000   0.00000000    -0.00000000   0.00000000
  0.00000000  -0.00000000     0.00000000   0.00000000     0.00000000   0.00000000
 -0.00000000  -0.00000000     0.00000000   0.00000000     0.00000000  -0.00000000
    4    1
  0.07281802   0.00000000    -0.00000000  -0.00000000     0.00000000   0.00000000
  0.00000000   0.00000000     0.07281802   0.00000000     0.00000000  -0.00000000
  0.00000000   0.00000000     0.00000000   0.00000000     0.02669204   0.00000000
    4    2
 -0.07281802  -0.00000000    -0.00000000   0.00000000    -0.00000000   0.00000000
  0.00000000  -0.00000000    -0.07281802  -0.00000000     0.00000000  -0.00000000
  0.00000000  -0.00000000     0.00000000   0.00000000    -0.02669204  -0.00000000
    4    3
  0.00000000  -0.00000000    -0.00000000  -0.00000000    -0.00000000  -0.00000000
  0.00000000   0.00000000     0.00000000  -0.00000000     0.00000000  -0.00000000
 -0.00000000  -0.00000000     0.00000000   0.00000000     0.00000000   0.00000000
    4    4
  0.18146772   0.00000000     0.00000000  -0.00000000     0.00000000  -0.00000000
  0.00000000  -0.00000000     0.18146772  -0.00000000     0.00000000   0.00000000
  0.00000000   0.00000000     0.00000000  -0.00000000     0.12688684   0.00000000

     Diagonalizing the dynamical matrix

     q = (    0.000000000   0.000000000  -0.426997789 )

 **************************************************************************
     freq (   1) =       3.249570 [THz] =     108.393974 [cm-1]
( -0.344117  0.000000  0.280200 -0.000000  0.000000 -0.000000 )
(  0.372333 -0.000000 -0.006820  0.000000  0.000000 -0.000000 )
(  0.028072 -0.000000  0.271987 -0.000000  0.000000 -0.000000 )
(  0.712801  0.000000 -0.285558  0.000000 -0.000000  0.000000 )
     freq (   2) =       3.249570 [THz] =     108.393974 [cm-1]
(  0.579315  0.000000  0.000000  0.000000  0.000000  0.000000 )
(  0.000000  0.000000  0.000000  0.000000  0.000000  0.000000 )
(  0.576365  0.000000  0.000000  0.000000  0.000000  0.000000 )
( -0.576365  0.000000  0.000000  0.000000  0.000000  0.000000 )
     freq (   3) =       3.249570 [THz] =     108.393974 [cm-1]
(  0.157662 -0.000000  0.557449 -0.000000  0.000000 -0.000000 )
( -0.000000  0.000000 -0.000000  0.000000  0.000000 -0.000000 )
(  0.156859 -0.000000  0.554610  0.000000 -0.000000  0.000000 )
( -0.156859  0.000000 -0.554610  0.000000  0.000000 -0.000000 )
     freq (   4) =       3.249570 [THz] =     108.393974 [cm-1]
( -0.002160  0.000000 -0.152963  0.000000 -0.000000  0.000000 )
( -0.045474  0.000000  0.556899  0.000000 -0.000000  0.000000 )
( -0.047391  0.000000  0.401879  0.000000 -0.000000  0.000000 )
( -0.043093  0.000000  0.706246  0.000000 -0.000000  0.000000 )
     freq (   5) =       3.379485 [THz] =     112.727490 [cm-1]
(  0.000000  0.000000 -0.000000  0.000000 -0.250783  0.000000 )
(  0.000000  0.000000 -0.000000  0.000000  0.000048  0.000000 )
(  0.000000  0.000000 -0.000000  0.000000 -0.684378  0.000000 )
(  0.000000  0.000000 -0.000000  0.000000  0.684642  0.000000 )
     freq (   6) =       3.379485 [THz] =     112.727490 [cm-1]
( -0.000000  0.000000 -0.000000  0.000000 -0.140833  0.000000 )
( -0.000000  0.000000  0.000000  0.000000  0.207505  0.000000 )
( -0.000000  0.000000  0.000000  0.000000  0.181979  0.000000 )
( -0.000000  0.000000  0.000000  0.000000  0.950784  0.000000 )
     freq (   7) =       6.756587 [THz] =     225.375497 [cm-1]
(  0.000000 -0.000000 -0.000000  0.000000  0.993936  0.000000 )
( -0.000000  0.000000 -0.000000  0.000000  0.000000 -0.000000 )
(  0.000000 -0.000000  0.000000 -0.000000 -0.077752  0.000000 )
(  0.000000 -0.000000 -0.000000  0.000000  0.077752 -0.000000 )
     freq (   8) =       6.756587 [THz] =     225.375497 [cm-1]
(  0.000000 -0.000000  0.000000 -0.000000 -0.062733  0.000000 )
( -0.000000  0.000000 -0.000000  0.000000  0.991954  0.000000 )
(  0.000000 -0.000000  0.000000 -0.000000 -0.072690  0.000000 )
(  0.000000 -0.000000  0.000000 -0.000000 -0.082505  0.000000 )
     freq (   9) =       7.126566 [THz] =     237.716661 [cm-1]
( -0.000400  0.000000  0.006758 -0.000000 -0.000000  0.000000 )
(  0.005107 -0.000000  0.956860  0.000000  0.000000 -0.000000 )
( -0.001010  0.000000 -0.206804  0.000000 -0.000000  0.000000 )
( -0.001182  0.000000 -0.203903  0.000000 -0.000000  0.000000 )
     freq (  10) =       7.126566 [THz] =     237.716661 [cm-1]
(  0.956898  0.000000  0.000000  0.000000  0.000000  0.000000 )
(  0.000000  0.000000  0.000000  0.000000  0.000000  0.000000 )
( -0.205362  0.000000  0.000000  0.000000  0.000000  0.000000 )
(  0.205362 -0.000000  0.000000  0.000000  0.000000  0.000000 )
     freq (  11) =       7.126566 [THz] =     237.716661 [cm-1]
( -0.313062  0.000000  0.904237  0.000000 -0.000000  0.000000 )
(  0.000000 -0.000000  0.000000 -0.000000 -0.000000  0.000000 )
(  0.067187 -0.000000 -0.194060  0.000000  0.000000 -0.000000 )
( -0.067187  0.000000  0.194060 -0.000000 -0.000000  0.000000 )
     freq (  12) =       7.126566 [THz] =     237.716661 [cm-1]
(  0.004885  0.000000 -0.014586  0.000000  0.000000  0.000000 )
(  0.955597  0.000000 -0.047446  0.000000  0.000000  0.000000 )
( -0.206131  0.000000  0.013313  0.000000 -0.000000  0.000000 )
( -0.204034  0.000000  0.007052  0.000000  0.000000  0.000000 )
 **************************************************************************
