Dynamical matrix file

  2    4   0     7.9272343     0.0000000     0.0000000     0.0000000     0.0000000     0.0000000
Basis vectors
      1.000000000   -0.000000000    0.000000000
     -0.500000000    0.866025404    0.000000000
     -0.000000000    0.000000000    1.170966248
            1  'Cr  '     47391.546009102
            2  'Sb  '    110977.451040910
    1    1    -0.0000000000     0.0000000000     0.0000000000
    2    1    -0.0000000000    -0.0000000000     0.5854831242
    3    2    -0.0000000005     0.5773502698     0.2927415621
    4    2     0.5000000007     0.2886751344     0.8782246863

     Dynamical  Matrix in cartesian axes

     q = (   -0.000000000  -0.577350269  -0.426997789 )

    1    1
  0.18285540  -0.00000000     0.00000000  -0.00000000    -0.00000000   0.00000000
  0.00000000   0.00000000     0.19438994   0.00000000    -0.00568216  -0.00000000
 -0.00000000   0.00000000    -0.00568216   0.00000000     0.18917574  -0.00000000
    1    2
 -0.00000000  -0.00000000    -0.00000000  -0.00000000     0.00000000  -0.00000000
  0.00000000  -0.00000000    -0.00000000  -0.00000000    -0.00000000  -0.00000000
 -0.00000000   0.00000000    -0.00000000   0.00000000     0.00000000   0.00000000
    1    3
  0.08399037   0.00000000    -0.00000000   0.00000000    -0.00000000   0.00000000
 -0.00000000  -0.00000000    -0.02502864   0.00000000    -0.06109238   0.00000000
  0.00000000   0.00000000    -0.06127225  -0.00000000     0.01199597  -0.00000000
    1    4
  0.08399037  -0.00000000    -0.00000000   0.00000000     0.00000000  -0.00000000
 -0.00000000   0.00000000    -0.02502864  -0.00000000    -0.06109238   0.00000000
  0.00000000  -0.00000000    -0.06127225   0.00000000     0.01199597   0.00000000
    2    1
 -0.00000000   0.00000000    -0.00000000   0.00000000    -0.00000000   0.00000000
  0.00000000   0.00000000    -0.00000000   0.00000000    -0.00000000  -0.00000000
 -0.00000000  -0.00000000    -0.00000000   0.00000000    -0.00000000  -0.00000000
    2    2
  0.18285540   0.00000000     0.00000000  -0.00000000    -0.00000000  -0.00000000
  0.00000000  -0.00000000     0.19438994  -0.00000000     0.00568216  -0.00000000
 -0.00000000  -0.00000000     0.00568216  -0.00000000     0.18917574  -0.00000000
    2    3
  0.08399037  -0.00000000     0.00000000  -0.00000000    -0.00000000  -0.00000000
  0.00000000  -0.00000000    -0.02502864  -0.00000000     0.06109238  -0.00000000
 -0.00000000  -0.00000000     0.06127225  -0.00000000     0.01199597   0.00000000
    2    4
 -0.08399037   0.00000000     0.00000000  -0.00000000     0.00000000   0.00000000
  0.00000000  -0.00000000     0.02502864   0.00000000    -0.06109238   0.00000000
  0.00000000   0.00000000    -0.06127225   0.00000000    -0.01199597  -0.00000000
    3    1
  0.08399037   0.00000000    -0.00000000   0.00000000    -0.00000000   0.00000000
 -0.00000000  -0.00000000    -0.02502864  -0.00000000    -0.06127225   0.00000000
 -0.00000000  -0.00000000    -0.06109238  -0.00000000     0.01199597   0.00000000
    3    2
  0.08399037   0.00000000    -0.00000000  -0.00000000     0.00000000  -0.00000000
 -0.00000000  -0.00000000    -0.02502864   0.00000000     0.06127225   0.00000000
 -0.00000000  -0.00000000     0.06109238   0.00000000     0.01199597  -0.00000000
    3    3
  0.18466317   0.00000000    -0.00000000  -0.00000000    -0.00000000   0.00000000
 -0.00000000  -0.00000000     0.20523653  -0.00000000    -0.00000000  -0.00000000
 -0.00000000  -0.00000000    -0.00000000   0.00000000     0.12166051  -0.00000000
    3    4
 -0.00000000  -0.00000000     0.00000000  -0.00000000     0.00000000   0.00000000
  0.00000000   0.00000000    -0.00000000   0.00000000     0.03090497  -0.00000000
  0.00000000   0.00000000     0.03090497  -0.00000000    -0.00000000   0.00000000
    4    1
  0.08399037   0.00000000    -0.00000000  -0.00000000     0.00000000   0.00000000
 -0.00000000   0.00000000    -0.02502864   0.00000000    -0.06127225  -0.00000000
 -0.00000000  -0.00000000    -0.06109238  -0.00000000     0.01199597  -0.00000000
    4    2
 -0.08399037  -0.00000000     0.00000000   0.00000000     0.00000000   0.00000000
  0.00000000  -0.00000000     0.02502864  -0.00000000    -0.06127225  -0.00000000
 -0.00000000  -0.00000000    -0.06109238  -0.00000000    -0.01199597   0.00000000
    4    3
 -0.00000000   0.00000000     0.00000000  -0.00000000     0.00000000  -0.00000000
 -0.00000000  -0.00000000    -0.00000000  -0.00000000     0.03090497   0.00000000
  0.00000000  -0.00000000     0.03090497   0.00000000    -0.00000000  -0.00000000
    4    4
  0.18466317  -0.00000000    -0.00000000   0.00000000    -0.00000000  -0.00000000
 -0.00000000   0.00000000     0.20523653   0.00000000    -0.00000000  -0.00000000
 -0.00000000   0.00000000    -0.00000000  -0.00000000     0.12166051   0.00000000

     Dynamical  Matrix in cartesian axes

     q = (    0.500000000   0.288675134   0.426997789 )

    1    1
  0.19150630  -0.00000000     0.00499460  -0.00000000     0.00492089   0.00000000
  0.00499460  -0.00000000     0.18573903  -0.00000000     0.00284108   0.00000000
  0.00492089   0.00000000     0.00284108   0.00000000     0.18917574   0.00000000
    1    2
 -0.00000000   0.00000000     0.00000000  -0.00000000     0.00000000   0.00000000
 -0.00000000  -0.00000000    -0.00000000   0.00000000    -0.00000000  -0.00000000
  0.00000000  -0.00000000     0.00000000   0.00000000    -0.00000000  -0.00000000
    1    3
 -0.00222612  -0.00000000     0.04720661   0.00000000    -0.05290755   0.00000000
  0.04720661   0.00000000    -0.05673562   0.00000000    -0.03054619   0.00000000
 -0.05306333   0.00000000    -0.03063613   0.00000000    -0.01199597   0.00000000
    1    4
 -0.00222612  -0.00000000     0.04720661   0.00000000    -0.05290755  -0.00000000
  0.04720661   0.00000000    -0.05673562  -0.00000000    -0.03054619  -0.00000000
 -0.05306333  -0.00000000    -0.03063613  -0.00000000    -0.01199597   0.00000000
    2    1
 -0.00000000  -0.00000000     0.00000000   0.00000000     0.00000000   0.00000000
  0.00000000   0.00000000    -0.00000000  -0.00000000     0.00000000  -0.00000000
 -0.00000000  -0.00000000     0.00000000   0.00000000    -0.00000000   0.00000000
    2    2
  0.19150630   0.00000000     0.00499460   0.00000000    -0.00492089  -0.00000000
  0.00499460  -0.00000000     0.18573903  -0.00000000    -0.00284108   0.00000000
 -0.00492089   0.00000000    -0.00284108  -0.00000000     0.18917574  -0.00000000
    2    3
 -0.00222612  -0.00000000     0.04720661   0.00000000     0.05290755   0.00000000
  0.04720661   0.00000000    -0.05673562  -0.00000000     0.03054619   0.00000000
  0.05306333   0.00000000     0.03063613   0.00000000    -0.01199597   0.00000000
    2    4
  0.00222612   0.00000000    -0.04720661  -0.00000000    -0.05290755  -0.00000000
 -0.04720661  -0.00000000     0.05673562   0.00000000    -0.03054619  -0.00000000
 -0.05306333  -0.00000000    -0.03063613  -0.00000000     0.01199597  -0.00000000
    3    1
 -0.00222612   0.00000000     0.04720661   0.00000000    -0.05306333  -0.00000000
  0.04720661   0.00000000    -0.05673562   0.00000000    -0.03063613  -0.00000000
 -0.05290755  -0.00000000    -0.03054619  -0.00000000    -0.01199597  -0.00000000
    3    2
 -0.00222612   0.00000000     0.04720661  -0.00000000     0.05306333  -0.00000000
  0.04720661  -0.00000000    -0.05673562   0.00000000     0.03063613  -0.00000000
  0.05290755  -0.00000000     0.03054619  -0.00000000    -0.01199597  -0.00000000
    3    3
  0.20009319   0.00000000     0.00890853   0.00000000    -0.00000000  -0.00000000
  0.00890853   0.00000000     0.18980651   0.00000000     0.00000000   0.00000000
  0.00000000   0.00000000     0.00000000  -0.00000000     0.12166051   0.00000000
    3    4
 -0.00000000  -0.00000000     0.00000000  -0.00000000    -0.02676449  -0.00000000
 -0.00000000  -0.00000000    -0.00000000  -0.00000000    -0.01545248  -0.00000000
 -0.02676449  -0.00000000    -0.01545248  -0.00000000    -0.00000000  -0.00000000
    4    1
 -0.00222612   0.00000000     0.04720661  -0.00000000    -0.05306333   0.00000000
  0.04720661  -0.00000000    -0.05673562   0.00000000    -0.03063613   0.00000000
 -0.05290755   0.00000000    -0.03054619   0.00000000    -0.01199597  -0.00000000
    4    2
  0.00222612  -0.00000000    -0.04720661   0.00000000    -0.05306333   0.00000000
 -0.04720661   0.00000000     0.05673562  -0.00000000    -0.03063613   0.00000000
 -0.05290755   0.00000000    -0.03054619   0.00000000     0.01199597   0.00000000
    4    3
 -0.00000000   0.00000000    -0.00000000   0.00000000    -0.02676449   0.00000000
  0.00000000   0.00000000    -0.00000000   0.00000000    -0.01545248   0.00000000
 -0.02676449   0.00000000    -0.01545248   0.00000000    -0.00000000   0.00000000
    4    4
  0.20009319   0.00000000     0.00890853   0.00000000     0.00000000   0.00000000
  0.00890853   0.00000000     0.18980651  -0.00000000     0.00000000  -0.00000000
 -0.00000000  -0.00000000    -0.00000000   0.00000000     0.12166051  -0.00000000

     Dynamical  Matrix in cartesian axes

     q = (   -0.500000000   0.288675134   0.426997789 )

    1    1
  0.19150630   0.00000000    -0.00499460  -0.00000000    -0.00492089   0.00000000
 -0.00499460  -0.00000000     0.18573903   0.00000000     0.00284108   0.00000000
 -0.00492089   0.00000000     0.00284108   0.00000000     0.18917574   0.00000000
    1    2
 -0.00000000   0.00000000    -0.00000000  -0.00000000     0.00000000   0.00000000
 -0.00000000  -0.00000000    -0.00000000   0.00000000     0.00000000  -0.00000000
 -0.00000000  -0.00000000     0.00000000   0.00000000    -0.00000000  -0.00000000
    1    3
 -0.00222612   0.00000000    -0.04720661  -0.00000000     0.05290755   0.00000000
 -0.04720661  -0.00000000    -0.05673562   0.00000000    -0.03054619  -0.00000000
  0.05306333  -0.00000000    -0.03063613   0.00000000    -0.01199597   0.00000000
    1    4
  0.00222612   0.00000000     0.04720661   0.00000000    -0.05290755  -0.00000000
  0.04720661   0.00000000     0.05673562   0.00000000     0.03054619   0.00000000
 -0.05306333  -0.00000000     0.03063613   0.00000000     0.01199597  -0.00000000
    2    1
 -0.00000000  -0.00000000    -0.00000000   0.00000000    -0.00000000   0.00000000
 -0.00000000   0.00000000    -0.00000000  -0.00000000    -0.00000000  -0.00000000
  0.00000000  -0.00000000    -0.00000000   0.00000000    -0.00000000   0.00000000
    2    2
  0.19150630   0.00000000    -0.00499460  -0.00000000     0.00492089   0.00000000
 -0.00499460  -0.00000000     0.18573903  -0.00000000    -0.00284108  -0.00000000
  0.00492089   0.00000000    -0.00284108   0.00000000     0.18917574   0.00000000
    2    3
 -0.00222612   0.00000000    -0.04720661  -0.00000000    -0.05290755  -0.00000000
 -0.04720661  -0.00000000    -0.05673562  -0.00000000     0.03054619   0.00000000
 -0.05306333  -0.00000000     0.03063613   0.00000000    -0.01199597   0.00000000
    2    4
 -0.00222612  -0.00000000    -0.04720661  -0.00000000    -0.05290755  -0.00000000
 -0.04720661  -0.00000000    -0.05673562  -0.00000000     0.03054619   0.00000000
 -0.05306333  -0.00000000     0.03063613   0.00000000    -0.01199597   0.00000000
    3    1
 -0.00222612   0.00000000    -0.04720661   0.00000000     0.05306333   0.00000000
 -0.04720661   0.00000000    -0.05673562  -0.00000000    -0.03063613  -0.00000000
  0.05290755  -0.00000000    -0.03054619   0.00000000    -0.01199597  -0.00000000
    3    2
 -0.00222612  -0.00000000    -0.04720661   0.00000000    -0.05306333   0.00000000
 -0.04720661   0.00000000    -0.05673562   0.00000000     0.03063613  -0.00000000
 -0.05290755   0.00000000     0.03054619  -0.00000000    -0.01199597  -0.00000000
    3    3
  0.20009319   0.00000000    -0.00890853  -0.00000000     0.00000000   0.00000000
 -0.00890853  -0.00000000     0.18980651   0.00000000     0.00000000  -0.00000000
  0.00000000  -0.00000000     0.00000000   0.00000000     0.12166051   0.00000000
    3    4
 -0.00000000   0.00000000     0.00000000  -0.00000000    -0.02676449  -0.00000000
  0.00000000  -0.00000000     0.00000000   0.00000000     0.01545248   0.00000000
 -0.02676449  -0.00000000     0.01545248   0.00000000    -0.00000000   0.00000000
    4    1
  0.00222612  -0.00000000     0.04720661  -0.00000000    -0.05306333   0.00000000
  0.04720661  -0.00000000     0.05673562  -0.00000000     0.03063613  -0.00000000
 -0.05290755   0.00000000     0.03054619  -0.00000000     0.01199597   0.00000000
    4    2
 -0.00222612   0.00000000    -0.04720661   0.00000000    -0.05306333   0.00000000
 -0.04720661   0.00000000    -0.05673562   0.00000000     0.03063613  -0.00000000
 -0.05290755   0.00000000     0.03054619  -0.00000000    -0.01199597  -0.00000000
    4    3
 -0.00000000  -0.00000000     0.00000000   0.00000000    -0.02676449   0.00000000
  0.00000000   0.00000000     0.00000000  -0.00000000     0.01545248  -0.00000000
 -0.02676449   0.00000000     0.01545248  -0.00000000    -0.00000000  -0.00000000
    4    4
  0.20009319  -0.00000000    -0.00890853   0.00000000     0.00000000   0.00000000
 -0.00890853   0.00000000     0.18980651  -0.00000000    -0.00000000   0.00000000
  0.00000000   0.00000000    -0.00000000   0.00000000     0.12166051   0.00000000

     Diagonalizing the dynamical matrix

     q = (   -0.000000000  -0.577350269  -0.426997789 )

 **************************************************************************
     freq (   1) =       2.612444 [THz] =      87.141736 [cm-1]
(  0.000000 -0.000000  0.401282 -0.000000 -0.197497  0.000000 )
( -0.000000  0.000000  0.000000 -0.000000  0.000000 -0.000000 )
( -0.000000  0.000000 -0.155297  0.000000  0.613080 -0.000000 )
( -0.000000  0.000000 -0.155297  0.000000  0.613080  0.000000 )
     freq (   2) =       2.612444 [THz] =      87.141736 [cm-1]
(  0.000000 -0.000000  0.001224 -0.000000 -0.000602  0.000000 )
(  0.000000 -0.000000 -0.401280  0.000000 -0.197496  0.000000 )
( -0.000000  0.000000  0.154822 -0.000000  0.614947  0.000000 )
(  0.000000 -0.000000 -0.155769  0.000000 -0.611207  0.000000 )
     freq (   3) =       2.923656 [THz] =      97.522655 [cm-1]
( -0.000000  0.000000 -0.000000  0.000000  0.000000  0.000000 )
(  0.632583  0.000000  0.000000  0.000000  0.000000  0.000000 )
( -0.547649  0.000000 -0.000000  0.000000 -0.000000  0.000000 )
(  0.547649  0.000000  0.000000  0.000000  0.000000  0.000000 )
     freq (   4) =       2.923656 [THz] =      97.522655 [cm-1]
( -0.632583  0.000000  0.000000  0.000000  0.000000  0.000000 )
(  0.000000  0.000000  0.000000  0.000000  0.000000  0.000000 )
(  0.547649  0.000000  0.000000  0.000000  0.000000  0.000000 )
(  0.547649 -0.000000  0.000000  0.000000  0.000000  0.000000 )
     freq (   5) =       3.692448 [THz] =     123.166818 [cm-1]
( -0.000000  0.000000  0.035982  0.000000  0.054013  0.000000 )
( -0.000000  0.000000 -0.336531  0.000000  0.505168  0.000000 )
(  0.000000  0.000000 -0.484620  0.000000  0.138551  0.000000 )
( -0.000000  0.000000  0.600659  0.000000 -0.111785  0.000000 )
     freq (   6) =       3.692448 [THz] =     123.166818 [cm-1]
( -0.000000  0.000000  0.338449  0.000000  0.508047  0.000000 )
(  0.000000  0.000000  0.000000  0.000000 -0.000000  0.000000 )
( -0.000000  0.000000  0.545732  0.000000  0.125882  0.000000 )
(  0.000000  0.000000  0.545732  0.000000  0.125882  0.000000 )
     freq (   7) =       6.984384 [THz] =     232.973979 [cm-1]
( -0.000000  0.000000 -0.337174  0.000000  0.796509  0.000000 )
( -0.000000  0.000000 -0.173183  0.000000 -0.409111  0.000000 )
( -0.000000  0.000000 -0.196183  0.000000  0.033597 -0.000000 )
(  0.000000 -0.000000 -0.063039  0.000000  0.104557 -0.000000 )
     freq (   8) =       6.984384 [THz] =     232.973979 [cm-1]
( -0.000000  0.000000 -0.064729  0.000000  0.152909 -0.000000 )
(  0.000000 -0.000000  0.373482 -0.000000  0.882280  0.000000 )
( -0.000000  0.000000  0.118686 -0.000000  0.089776 -0.000000 )
(  0.000000 -0.000000 -0.168450  0.000000 -0.063254  0.000000 )
     freq (   9) =       7.087803 [THz] =     236.423675 [cm-1]
(  0.000000  0.000000  0.899750  0.000000  0.323522  0.000000 )
( -0.000000  0.000000 -0.011784  0.000000  0.004237  0.000000 )
(  0.000000  0.000000 -0.148796  0.000000 -0.143539  0.000000 )
(  0.000000  0.000000 -0.152745  0.000000 -0.139828  0.000000 )
     freq (  10) =       7.087803 [THz] =     236.423675 [cm-1]
( -0.000000  0.000000 -0.031931  0.000000 -0.011482  0.000000 )
( -0.000000  0.000000  0.899261  0.000000 -0.323346  0.000000 )
( -0.000000  0.000000 -0.145338  0.000000  0.146634 -0.000000 )
(  0.000000 -0.000000  0.156039 -0.000000 -0.136578  0.000000 )
     freq (  11) =       7.156898 [THz] =     238.728433 [cm-1]
(  0.944214  0.000000  0.000000  0.000000  0.000000  0.000000 )
(  0.000000  0.000000  0.000000  0.000000  0.000000  0.000000 )
(  0.232874 -0.000000  0.000000  0.000000  0.000000  0.000000 )
(  0.232874 -0.000000  0.000000  0.000000  0.000000  0.000000 )
     freq (  12) =       7.156898 [THz] =     238.728433 [cm-1]
(  0.000000  0.000000 -0.000000  0.000000 -0.000000  0.000000 )
(  0.944214  0.000000  0.000000  0.000000 -0.000000  0.000000 )
(  0.232874  0.000000 -0.000000  0.000000  0.000000  0.000000 )
( -0.232874  0.000000  0.000000  0.000000 -0.000000  0.000000 )
 **************************************************************************
