Dynamical matrix file

  2    4   0     7.9272343     0.0000000     0.0000000     0.0000000     0.0000000     0.0000000
Basis vectors
      1.000000000   -0.000000000    0.000000000
     -0.500000000    0.866025404    0.000000000
     -0.000000000    0.000000000    1.170966248
            1  'Cr  '     47391.546009102
            2  'Sb  '    110977.451040910
    1    1    -0.0000000000     0.0000000000     0.0000000000
    2    1    -0.0000000000    -0.0000000000     0.5854831242
    3    2    -0.0000000005     0.5773502698     0.2927415621
    4    2     0.5000000007     0.2886751344     0.8782246863

     Dynamical  Matrix in cartesian axes

     q = (    0.000000000   0.000000000   0.000000000 )

    1    1
  0.20214966   0.00000000     0.00000000   0.00000000     0.00000000   0.00000000
 -0.00000000   0.00000000     0.20214966   0.00000000     0.00000000   0.00000000
 -0.00000000   0.00000000     0.00000000   0.00000000     0.06544344   0.00000000
    1    2
 -0.03990198   0.00000000    -0.00000000   0.00000000    -0.00000000   0.00000000
 -0.00000000   0.00000000    -0.03990198   0.00000000    -0.00000000   0.00000000
  0.00000000   0.00000000     0.00000000   0.00000000    -0.01347260   0.00000000
    1    3
 -0.08112384   0.00000000     0.00000000   0.00000000     0.00000000   0.00000000
  0.00000000   0.00000000    -0.08112384   0.00000000    -0.00000000   0.00000000
  0.00000000   0.00000000    -0.00000000   0.00000000    -0.02598542   0.00000000
    1    4
 -0.08112384   0.00000000    -0.00000000   0.00000000    -0.00000000   0.00000000
 -0.00000000   0.00000000    -0.08112384   0.00000000    -0.00000000   0.00000000
 -0.00000000   0.00000000    -0.00000000   0.00000000    -0.02598542   0.00000000
    2    1
 -0.03990198   0.00000000     0.00000000   0.00000000    -0.00000000   0.00000000
 -0.00000000   0.00000000    -0.03990198   0.00000000     0.00000000   0.00000000
 -0.00000000   0.00000000    -0.00000000   0.00000000    -0.01347260   0.00000000
    2    2
  0.20214966   0.00000000    -0.00000000   0.00000000    -0.00000000   0.00000000
 -0.00000000   0.00000000     0.20214966   0.00000000    -0.00000000   0.00000000
 -0.00000000   0.00000000    -0.00000000   0.00000000     0.06544344   0.00000000
    2    3
 -0.08112384   0.00000000     0.00000000   0.00000000     0.00000000   0.00000000
  0.00000000   0.00000000    -0.08112384   0.00000000     0.00000000   0.00000000
 -0.00000000   0.00000000     0.00000000   0.00000000    -0.02598542   0.00000000
    2    4
 -0.08112384   0.00000000     0.00000000   0.00000000     0.00000000   0.00000000
  0.00000000   0.00000000    -0.08112384   0.00000000     0.00000000   0.00000000
  0.00000000   0.00000000     0.00000000   0.00000000    -0.02598542   0.00000000
    3    1
 -0.08112384   0.00000000     0.00000000   0.00000000     0.00000000   0.00000000
  0.00000000   0.00000000    -0.08112384   0.00000000    -0.00000000   0.00000000
 -0.00000000   0.00000000    -0.00000000   0.00000000    -0.02598542   0.00000000
    3    2
 -0.08112384   0.00000000     0.00000000   0.00000000     0.00000000   0.00000000
  0.00000000   0.00000000    -0.08112384   0.00000000     0.00000000   0.00000000
  0.00000000   0.00000000     0.00000000   0.00000000    -0.02598542   0.00000000
    3    3
  0.18341129   0.00000000     0.00000000   0.00000000    -0.00000000   0.00000000
  0.00000000   0.00000000     0.18341129   0.00000000    -0.00000000   0.00000000
 -0.00000000   0.00000000     0.00000000   0.00000000     0.12197539   0.00000000
    3    4
 -0.02116362   0.00000000    -0.00000000   0.00000000    -0.00000000   0.00000000
 -0.00000000   0.00000000    -0.02116362   0.00000000    -0.00000000   0.00000000
 -0.00000000   0.00000000    -0.00000000   0.00000000    -0.07000455   0.00000000
    4    1
 -0.08112384   0.00000000    -0.00000000   0.00000000    -0.00000000   0.00000000
  0.00000000   0.00000000    -0.08112384   0.00000000    -0.00000000   0.00000000
  0.00000000   0.00000000    -0.00000000   0.00000000    -0.02598542   0.00000000
    4    2
 -0.08112384   0.00000000    -0.00000000   0.00000000     0.00000000   0.00000000
  0.00000000   0.00000000    -0.08112384   0.00000000     0.00000000   0.00000000
  0.00000000   0.00000000     0.00000000   0.00000000    -0.02598542   0.00000000
    4    3
 -0.02116362   0.00000000    -0.00000000   0.00000000    -0.00000000   0.00000000
 -0.00000000   0.00000000    -0.02116362   0.00000000    -0.00000000   0.00000000
 -0.00000000   0.00000000    -0.00000000   0.00000000    -0.07000455   0.00000000
    4    4
  0.18341129   0.00000000     0.00000000   0.00000000     0.00000000   0.00000000
  0.00000000   0.00000000     0.18341129   0.00000000     0.00000000   0.00000000
 -0.00000000   0.00000000     0.00000000   0.00000000     0.12197539   0.00000000

     Diagonalizing the dynamical matrix

     q = (    0.000000000   0.000000000   0.000000000 )

 **************************************************************************
     freq (   1) =      -0.000827 [THz] =      -0.027575 [cm-1]
(  0.500000 -0.000000  0.000000 -0.000000  0.000000 -0.000000 )
(  0.500000 -0.000000 -0.000000  0.000000  0.000000  0.000000 )
(  0.500000  0.000000 -0.000000  0.000000  0.000000  0.000000 )
(  0.500000 -0.000000 -0.000000  0.000000  0.000000  0.000000 )
     freq (   2) =      -0.000827 [THz] =      -0.027575 [cm-1]
( -0.067819  0.000000  0.495379 -0.000000 -0.000000  0.000000 )
( -0.067819  0.000000  0.495379 -0.000000 -0.000000  0.000000 )
( -0.067819  0.000000  0.495379  0.000000 -0.000000  0.000000 )
( -0.067819  0.000000  0.495379 -0.000000 -0.000000  0.000000 )
     freq (   3) =      -0.000000 [THz] =      -0.000001 [cm-1]
( -0.000000  0.000000  0.000000 -0.000000  0.500000 -0.000000 )
( -0.000000  0.000000  0.000000 -0.000000  0.500000 -0.000000 )
( -0.000000  0.000000  0.000000 -0.000000  0.500000  0.000000 )
( -0.000000  0.000000  0.000000 -0.000000  0.500000 -0.000000 )
     freq (   4) =       4.115497 [THz] =     137.278218 [cm-1]
( -0.000000  0.000000  0.000000 -0.000000  0.650294 -0.000000 )
(  0.000000 -0.000000  0.000000 -0.000000  0.650294  0.000000 )
( -0.000000  0.000000  0.000000 -0.000000 -0.277700  0.000000 )
(  0.000000 -0.000000 -0.000000  0.000000 -0.277700  0.000000 )
     freq (   5) =       4.245290 [THz] =     141.607644 [cm-1]
( -0.000000  0.000000  0.000000  0.000000  0.707107  0.000000 )
(  0.000000  0.000000  0.000000  0.000000 -0.707107  0.000000 )
(  0.000000  0.000000 -0.000000  0.000000 -0.000000  0.000000 )
( -0.000000  0.000000  0.000000  0.000000 -0.000000  0.000000 )
     freq (   6) =       4.326989 [THz] =     144.332803 [cm-1]
( -0.000000  0.000000  0.000000  0.000000 -0.000000  0.000000 )
( -0.000000  0.000000  0.000000  0.000000  0.000000  0.000000 )
( -0.000000  0.000000 -0.000000  0.000000  0.707107  0.000000 )
(  0.000000  0.000000  0.000000  0.000000 -0.707107  0.000000 )
     freq (   7) =       4.466671 [THz] =     148.992122 [cm-1]
( -0.000000  0.000000  0.000000 -0.000000  0.000000 -0.000000 )
( -0.000000  0.000000  0.000000 -0.000000 -0.000000  0.000000 )
( -0.362025  0.000000 -0.607403  0.000000 -0.000000  0.000000 )
(  0.362025 -0.000000  0.607403  0.000000  0.000000 -0.000000 )
     freq (   8) =       4.466671 [THz] =     148.992122 [cm-1]
( -0.000000  0.000000  0.000000 -0.000000 -0.000000  0.000000 )
( -0.000000  0.000000  0.000000 -0.000000  0.000000 -0.000000 )
(  0.677071  0.000000 -0.203899  0.000000  0.000000 -0.000000 )
( -0.677071  0.000000  0.203899 -0.000000 -0.000000  0.000000 )
     freq (   9) =       7.271629 [THz] =     242.555436 [cm-1]
(  0.650294 -0.000000 -0.000000  0.000000 -0.000000  0.000000 )
(  0.650294  0.000000  0.000000 -0.000000  0.000000  0.000000 )
( -0.277700  0.000000  0.000000 -0.000000  0.000000  0.000000 )
( -0.277700  0.000000  0.000000 -0.000000  0.000000  0.000000 )
     freq (  10) =       7.271629 [THz] =     242.555436 [cm-1]
(  0.023517  0.000000  0.649869  0.000000 -0.000000  0.000000 )
(  0.023517  0.000000  0.649869  0.000000 -0.000000  0.000000 )
( -0.010043  0.000000 -0.277518  0.000000  0.000000  0.000000 )
( -0.010043  0.000000 -0.277518  0.000000  0.000000  0.000000 )
     freq (  11) =       7.434962 [THz] =     248.003649 [cm-1]
(  0.707107  0.000000  0.000000 -0.000000  0.000000 -0.000000 )
( -0.707107  0.000000 -0.000000  0.000000  0.000000  0.000000 )
( -0.000000  0.000000 -0.000000  0.000000  0.000000  0.000000 )
( -0.000000  0.000000 -0.000000  0.000000  0.000000  0.000000 )
     freq (  12) =       7.434962 [THz] =     248.003649 [cm-1]
(  0.116823  0.000000 -0.697390  0.000000 -0.000000  0.000000 )
( -0.116823  0.000000  0.697390  0.000000  0.000000  0.000000 )
(  0.000000  0.000000 -0.000000  0.000000  0.000000  0.000000 )
(  0.000000  0.000000 -0.000000  0.000000  0.000000  0.000000 )
 **************************************************************************
