Dynamical matrix file

  2    4   0     7.9272343     0.0000000     0.0000000     0.0000000     0.0000000     0.0000000
Basis vectors
      1.000000000   -0.000000000    0.000000000
     -0.500000000    0.866025404    0.000000000
     -0.000000000    0.000000000    1.170966248
            1  'Cr  '     47391.546009102
            2  'Sb  '    110977.451040910
    1    1    -0.0000000000     0.0000000000     0.0000000000
    2    1    -0.0000000000    -0.0000000000     0.5854831242
    3    2    -0.0000000005     0.5773502698     0.2927415621
    4    2     0.5000000007     0.2886751344     0.8782246863

     Dynamical  Matrix in cartesian axes

     q = (   -0.000000000  -0.577350269   0.000000000 )

    1    1
  0.19056238  -0.00000000    -0.00000000  -0.00000000    -0.00000000   0.00000000
 -0.00000000   0.00000000     0.21101668  -0.00000000    -0.00989845   0.00000000
  0.00000000   0.00000000    -0.00989845   0.00000000     0.06732808  -0.00000000
    1    2
 -0.03412339   0.00000000    -0.00000000   0.00000000     0.00000000  -0.00000000
 -0.00000000   0.00000000    -0.02266288  -0.00000000    -0.00888881  -0.00000000
  0.00000000   0.00000000     0.00888881  -0.00000000     0.01834654   0.00000000
    1    3
  0.07596581   0.00000000    -0.00000000   0.00000000    -0.00000000   0.00000000
  0.00000000  -0.00000000    -0.02749271  -0.00000000    -0.05980516  -0.00000000
  0.00000000  -0.00000000    -0.04490466   0.00000000     0.00729707  -0.00000000
    1    4
 -0.07596581   0.00000000    -0.00000000  -0.00000000     0.00000000   0.00000000
  0.00000000   0.00000000     0.02749271   0.00000000     0.05980516  -0.00000000
 -0.00000000   0.00000000     0.04490466  -0.00000000    -0.00729707   0.00000000
    2    1
 -0.03412339  -0.00000000    -0.00000000  -0.00000000     0.00000000  -0.00000000
 -0.00000000   0.00000000    -0.02266288  -0.00000000     0.00888881   0.00000000
 -0.00000000  -0.00000000    -0.00888881  -0.00000000     0.01834654   0.00000000
    2    2
  0.19056238   0.00000000    -0.00000000  -0.00000000    -0.00000000   0.00000000
 -0.00000000  -0.00000000     0.21101668  -0.00000000     0.00989845  -0.00000000
 -0.00000000   0.00000000     0.00989845   0.00000000     0.06732808  -0.00000000
    2    3
  0.07596581   0.00000000    -0.00000000   0.00000000    -0.00000000   0.00000000
 -0.00000000   0.00000000    -0.02749271  -0.00000000     0.05980516   0.00000000
 -0.00000000   0.00000000     0.04490466  -0.00000000     0.00729707   0.00000000
    2    4
 -0.07596581   0.00000000    -0.00000000  -0.00000000    -0.00000000  -0.00000000
  0.00000000  -0.00000000     0.02749271   0.00000000    -0.05980516   0.00000000
  0.00000000  -0.00000000    -0.04490466   0.00000000    -0.00729707   0.00000000
    3    1
  0.07596581   0.00000000     0.00000000   0.00000000     0.00000000   0.00000000
  0.00000000   0.00000000    -0.02749271   0.00000000    -0.04490466   0.00000000
  0.00000000  -0.00000000    -0.05980516   0.00000000     0.00729707  -0.00000000
    3    2
  0.07596581   0.00000000    -0.00000000  -0.00000000    -0.00000000  -0.00000000
 -0.00000000  -0.00000000    -0.02749271   0.00000000     0.04490466  -0.00000000
 -0.00000000  -0.00000000     0.05980516  -0.00000000     0.00729707  -0.00000000
    3    3
  0.18201021   0.00000000    -0.00000000  -0.00000000    -0.00000000  -0.00000000
 -0.00000000   0.00000000     0.19332895   0.00000000     0.00000000   0.00000000
 -0.00000000  -0.00000000     0.00000000  -0.00000000     0.11798989   0.00000000
    3    4
 -0.01102417  -0.00000000    -0.00000000   0.00000000    -0.00000000   0.00000000
 -0.00000000  -0.00000000    -0.00611145  -0.00000000     0.00000000  -0.00000000
 -0.00000000   0.00000000     0.00000000   0.00000000     0.00116045  -0.00000000
    4    1
 -0.07596581  -0.00000000     0.00000000  -0.00000000    -0.00000000  -0.00000000
  0.00000000   0.00000000     0.02749271  -0.00000000     0.04490466   0.00000000
  0.00000000  -0.00000000     0.05980516   0.00000000    -0.00729707  -0.00000000
    4    2
 -0.07596581  -0.00000000     0.00000000   0.00000000     0.00000000   0.00000000
 -0.00000000  -0.00000000     0.02749271  -0.00000000    -0.04490466  -0.00000000
 -0.00000000  -0.00000000    -0.05980516  -0.00000000    -0.00729707  -0.00000000
    4    3
 -0.01102417   0.00000000     0.00000000  -0.00000000    -0.00000000   0.00000000
 -0.00000000   0.00000000    -0.00611145   0.00000000     0.00000000   0.00000000
 -0.00000000  -0.00000000     0.00000000   0.00000000     0.00116045   0.00000000
    4    4
  0.18201021   0.00000000     0.00000000  -0.00000000    -0.00000000  -0.00000000
 -0.00000000  -0.00000000     0.19332895  -0.00000000     0.00000000  -0.00000000
 -0.00000000   0.00000000     0.00000000  -0.00000000     0.11798989  -0.00000000

     Dynamical  Matrix in cartesian axes

     q = (    0.500000000   0.288675134   0.000000000 )

    1    1
  0.20590311   0.00000000     0.00885697  -0.00000000     0.00857231  -0.00000000
  0.00885697   0.00000000     0.19567596  -0.00000000     0.00494922  -0.00000000
  0.00857231   0.00000000     0.00494922   0.00000000     0.06732808   0.00000000
    1    2
 -0.02552800  -0.00000000     0.00496255  -0.00000000     0.00769794   0.00000000
  0.00496255   0.00000000    -0.03125826  -0.00000000     0.00444440   0.00000000
 -0.00769794   0.00000000    -0.00444440   0.00000000     0.01834654  -0.00000000
    1    3
  0.00162808   0.00000000     0.04479885   0.00000000    -0.05179279   0.00000000
  0.04479885  -0.00000000    -0.05010118   0.00000000    -0.02990258   0.00000000
 -0.03888858  -0.00000000    -0.02245233  -0.00000000    -0.00729707  -0.00000000
    1    4
 -0.00162808  -0.00000000    -0.04479885  -0.00000000     0.05179279   0.00000000
 -0.04479885  -0.00000000     0.05010118   0.00000000     0.02990258   0.00000000
  0.03888858   0.00000000     0.02245233   0.00000000     0.00729707   0.00000000
    2    1
 -0.02552800   0.00000000     0.00496255  -0.00000000    -0.00769794  -0.00000000
  0.00496255   0.00000000    -0.03125826   0.00000000    -0.00444440  -0.00000000
  0.00769794  -0.00000000     0.00444440  -0.00000000     0.01834654  -0.00000000
    2    2
  0.20590311   0.00000000     0.00885697  -0.00000000    -0.00857231   0.00000000
  0.00885697  -0.00000000     0.19567596  -0.00000000    -0.00494922   0.00000000
 -0.00857231  -0.00000000    -0.00494922  -0.00000000     0.06732808   0.00000000
    2    3
  0.00162808   0.00000000     0.04479885   0.00000000     0.05179279   0.00000000
  0.04479885   0.00000000    -0.05010118   0.00000000     0.02990258   0.00000000
  0.03888858   0.00000000     0.02245233   0.00000000    -0.00729707   0.00000000
    2    4
 -0.00162808  -0.00000000    -0.04479885  -0.00000000    -0.05179279  -0.00000000
 -0.04479885  -0.00000000     0.05010118   0.00000000    -0.02990258  -0.00000000
 -0.03888858  -0.00000000    -0.02245233  -0.00000000     0.00729707   0.00000000
    3    1
  0.00162808  -0.00000000     0.04479885  -0.00000000    -0.03888858  -0.00000000
  0.04479885   0.00000000    -0.05010118   0.00000000    -0.02245233   0.00000000
 -0.05179279  -0.00000000    -0.02990258  -0.00000000    -0.00729707  -0.00000000
    3    2
  0.00162808  -0.00000000     0.04479885  -0.00000000     0.03888858   0.00000000
  0.04479885   0.00000000    -0.05010118   0.00000000     0.02245233  -0.00000000
  0.05179279  -0.00000000     0.02990258  -0.00000000    -0.00729707   0.00000000
    3    3
  0.19049927   0.00000000     0.00490116   0.00000000    -0.00000000   0.00000000
  0.00490116   0.00000000     0.18483989  -0.00000000    -0.00000000   0.00000000
 -0.00000000  -0.00000000    -0.00000000   0.00000000     0.11798989   0.00000000
    3    4
 -0.00733963   0.00000000     0.00212727   0.00000000    -0.00000000  -0.00000000
  0.00212727   0.00000000    -0.00979599   0.00000000    -0.00000000  -0.00000000
 -0.00000000  -0.00000000    -0.00000000  -0.00000000     0.00116045   0.00000000
    4    1
 -0.00162808   0.00000000    -0.04479885   0.00000000     0.03888858  -0.00000000
 -0.04479885   0.00000000     0.05010118  -0.00000000     0.02245233  -0.00000000
  0.05179279  -0.00000000     0.02990258  -0.00000000     0.00729707  -0.00000000
    4    2
 -0.00162808   0.00000000    -0.04479885   0.00000000    -0.03888858   0.00000000
 -0.04479885   0.00000000     0.05010118  -0.00000000    -0.02245233   0.00000000
 -0.05179279   0.00000000    -0.02990258   0.00000000     0.00729707  -0.00000000
    4    3
 -0.00733963  -0.00000000     0.00212727  -0.00000000    -0.00000000   0.00000000
  0.00212727  -0.00000000    -0.00979599  -0.00000000    -0.00000000   0.00000000
 -0.00000000   0.00000000    -0.00000000   0.00000000     0.00116045  -0.00000000
    4    4
  0.19049927  -0.00000000     0.00490116   0.00000000    -0.00000000  -0.00000000
  0.00490116  -0.00000000     0.18483989   0.00000000    -0.00000000  -0.00000000
 -0.00000000  -0.00000000    -0.00000000   0.00000000     0.11798989   0.00000000

     Dynamical  Matrix in cartesian axes

     q = (   -0.500000000   0.288675134  -0.000000000 )

    1    1
  0.20590311   0.00000000    -0.00885697   0.00000000    -0.00857231   0.00000000
 -0.00885697   0.00000000     0.19567596   0.00000000     0.00494922   0.00000000
 -0.00857231  -0.00000000     0.00494922   0.00000000     0.06732808   0.00000000
    1    2
 -0.02552800   0.00000000    -0.00496255   0.00000000    -0.00769794  -0.00000000
 -0.00496255  -0.00000000    -0.03125826   0.00000000     0.00444440  -0.00000000
  0.00769794  -0.00000000    -0.00444440  -0.00000000     0.01834654   0.00000000
    1    3
  0.00162808  -0.00000000    -0.04479885  -0.00000000     0.05179279   0.00000000
 -0.04479885  -0.00000000    -0.05010118  -0.00000000    -0.02990258  -0.00000000
  0.03888858   0.00000000    -0.02245233  -0.00000000    -0.00729707   0.00000000
    1    4
  0.00162808  -0.00000000    -0.04479885   0.00000000     0.05179279  -0.00000000
 -0.04479885   0.00000000    -0.05010118  -0.00000000    -0.02990258   0.00000000
  0.03888858  -0.00000000    -0.02245233   0.00000000    -0.00729707  -0.00000000
    2    1
 -0.02552800  -0.00000000    -0.00496255   0.00000000     0.00769794   0.00000000
 -0.00496255  -0.00000000    -0.03125826   0.00000000    -0.00444440   0.00000000
 -0.00769794   0.00000000     0.00444440  -0.00000000     0.01834654  -0.00000000
    2    2
  0.20590311   0.00000000    -0.00885697   0.00000000     0.00857231  -0.00000000
 -0.00885697  -0.00000000     0.19567596   0.00000000    -0.00494922  -0.00000000
  0.00857231   0.00000000    -0.00494922  -0.00000000     0.06732808  -0.00000000
    2    3
  0.00162808  -0.00000000    -0.04479885  -0.00000000    -0.05179279   0.00000000
 -0.04479885  -0.00000000    -0.05010118  -0.00000000     0.02990258  -0.00000000
 -0.03888858  -0.00000000     0.02245233  -0.00000000    -0.00729707  -0.00000000
    2    4
  0.00162808  -0.00000000    -0.04479885   0.00000000    -0.05179279   0.00000000
 -0.04479885   0.00000000    -0.05010118  -0.00000000     0.02990258  -0.00000000
 -0.03888858   0.00000000     0.02245233  -0.00000000    -0.00729707  -0.00000000
    3    1
  0.00162808   0.00000000    -0.04479885   0.00000000     0.03888858   0.00000000
 -0.04479885   0.00000000    -0.05010118   0.00000000    -0.02245233  -0.00000000
  0.05179279  -0.00000000    -0.02990258  -0.00000000    -0.00729707   0.00000000
    3    2
  0.00162808   0.00000000    -0.04479885  -0.00000000    -0.03888858  -0.00000000
 -0.04479885   0.00000000    -0.05010118   0.00000000     0.02245233   0.00000000
 -0.05179279   0.00000000     0.02990258   0.00000000    -0.00729707  -0.00000000
    3    3
  0.19049927  -0.00000000    -0.00490116  -0.00000000     0.00000000  -0.00000000
 -0.00490116  -0.00000000     0.18483989   0.00000000    -0.00000000   0.00000000
  0.00000000  -0.00000000    -0.00000000   0.00000000     0.11798989  -0.00000000
    3    4
  0.00733963   0.00000000     0.00212727  -0.00000000     0.00000000   0.00000000
  0.00212727  -0.00000000     0.00979599   0.00000000     0.00000000   0.00000000
 -0.00000000   0.00000000     0.00000000   0.00000000    -0.00116045  -0.00000000
    4    1
  0.00162808   0.00000000    -0.04479885  -0.00000000     0.03888858   0.00000000
 -0.04479885  -0.00000000    -0.05010118   0.00000000    -0.02245233  -0.00000000
  0.05179279   0.00000000    -0.02990258  -0.00000000    -0.00729707   0.00000000
    4    2
  0.00162808   0.00000000    -0.04479885  -0.00000000    -0.03888858  -0.00000000
 -0.04479885  -0.00000000    -0.05010118   0.00000000     0.02245233   0.00000000
 -0.05179279  -0.00000000     0.02990258   0.00000000    -0.00729707   0.00000000
    4    3
  0.00733963  -0.00000000     0.00212727   0.00000000    -0.00000000  -0.00000000
  0.00212727   0.00000000     0.00979599  -0.00000000     0.00000000   0.00000000
 -0.00000000  -0.00000000     0.00000000  -0.00000000    -0.00116045   0.00000000
    4    4
  0.19049927   0.00000000    -0.00490116  -0.00000000    -0.00000000   0.00000000
 -0.00490116   0.00000000     0.18483989  -0.00000000    -0.00000000  -0.00000000
  0.00000000   0.00000000    -0.00000000  -0.00000000     0.11798989   0.00000000

     Diagonalizing the dynamical matrix

     q = (   -0.000000000  -0.577350269   0.000000000 )

 **************************************************************************
     freq (   1) =       0.816621 [THz] =      27.239541 [cm-1]
( -0.000000  0.000000 -0.097902  0.000000 -0.623567  0.000000 )
( -0.000000  0.000000 -0.097902  0.000000  0.623567  0.000000 )
(  0.000000  0.000000 -0.318715  0.000000 -0.000000  0.000000 )
( -0.000000  0.000000  0.318715  0.000000  0.000000  0.000000 )
     freq (   2) =       1.754579 [THz] =      58.526440 [cm-1]
( -0.514975  0.000000  0.000000 -0.000000  0.000000 -0.000000 )
( -0.514975  0.000000  0.000000 -0.000000 -0.000000  0.000000 )
(  0.484562  0.000000 -0.000000  0.000000  0.000000 -0.000000 )
( -0.484562  0.000000  0.000000 -0.000000 -0.000000  0.000000 )
     freq (   3) =       2.192452 [THz] =      73.132332 [cm-1]
(  0.000000 -0.000000 -0.343488  0.000000  0.039437 -0.000000 )
(  0.000000 -0.000000  0.343488 -0.000000  0.039437 -0.000000 )
(  0.000000 -0.000000  0.000000 -0.000000 -0.616815  0.000000 )
(  0.000000 -0.000000 -0.000000  0.000000  0.616815  0.000000 )
     freq (   4) =       3.408831 [THz] =     113.706362 [cm-1]
(  0.000000  0.000000  0.000000  0.000000 -0.000000  0.000000 )
(  0.000000  0.000000  0.000000  0.000000  0.000000  0.000000 )
( -0.000000  0.000000 -0.000000  0.000000  0.707107  0.000000 )
( -0.000000  0.000000 -0.000000  0.000000  0.707107  0.000000 )
     freq (   5) =       4.083553 [THz] =     136.212652 [cm-1]
( -0.000000  0.000000  0.000000  0.000000  0.000000  0.000000 )
( -0.000000  0.000000 -0.000000  0.000000  0.000000  0.000000 )
(  0.707107  0.000000 -0.000000  0.000000  0.000000  0.000000 )
(  0.707107  0.000000 -0.000000  0.000000 -0.000000  0.000000 )
     freq (   6) =       4.272982 [THz] =     142.531331 [cm-1]
(  0.000000  0.000000 -0.000000  0.000000 -0.000000  0.000000 )
( -0.000000  0.000000  0.000000  0.000000 -0.000000  0.000000 )
(  0.000000  0.000000  0.707107  0.000000  0.000000  0.000000 )
(  0.000000  0.000000  0.707107  0.000000 -0.000000  0.000000 )
     freq (   7) =       4.362341 [THz] =     145.512038 [cm-1]
(  0.000000 -0.000000  0.086560 -0.000000  0.701787  0.000000 )
( -0.000000  0.000000 -0.086560  0.000000  0.701787 -0.000000 )
( -0.000000  0.000000  0.000000 -0.000000 -0.001423  0.000000 )
( -0.000000  0.000000  0.000000 -0.000000  0.001423 -0.000000 )
     freq (   8) =       5.186655 [THz] =     173.008175 [cm-1]
( -0.000000  0.000000 -0.295517  0.000000  0.511519  0.000000 )
(  0.000000  0.000000 -0.295517  0.000000 -0.511519  0.000000 )
( -0.000000  0.000000 -0.388610  0.000000 -0.000000  0.000000 )
( -0.000000  0.000000  0.388610  0.000000  0.000000  0.000000 )
     freq (   9) =       6.788500 [THz] =     226.439988 [cm-1]
(  0.000000  0.000000  0.680371  0.000000  0.094229  0.000000 )
(  0.000000  0.000000  0.680371  0.000000 -0.094229  0.000000 )
(  0.000000  0.000000 -0.167977  0.000000  0.000000  0.000000 )
( -0.000000  0.000000  0.167977  0.000000 -0.000000  0.000000 )
     freq (  10) =       7.163290 [THz] =     238.941640 [cm-1]
(  0.707107  0.000000  0.000000  0.000000  0.000000  0.000000 )
( -0.707107  0.000000  0.000000  0.000000 -0.000000  0.000000 )
(  0.000000  0.000000 -0.000000  0.000000  0.000000  0.000000 )
( -0.000000  0.000000  0.000000  0.000000 -0.000000  0.000000 )
     freq (  11) =       7.174535 [THz] =     239.316726 [cm-1]
(  0.643897  0.000000 -0.000000  0.000000 -0.000000  0.000000 )
(  0.643897  0.000000 -0.000000  0.000000  0.000000  0.000000 )
(  0.292227  0.000000  0.000000  0.000000 -0.000000  0.000000 )
( -0.292227  0.000000 -0.000000  0.000000  0.000000  0.000000 )
     freq (  12) =       7.777505 [THz] =     259.429650 [cm-1]
( -0.000000  0.000000  0.682414  0.000000 -0.084952  0.000000 )
( -0.000000  0.000000 -0.682414  0.000000 -0.084952  0.000000 )
( -0.000000  0.000000 -0.000000  0.000000 -0.164602  0.000000 )
(  0.000000 -0.000000  0.000000 -0.000000  0.164602 -0.000000 )
 **************************************************************************
