Dynamical matrix file

  2    4   0     7.9272319     0.0000000     0.0000000     0.0000000     0.0000000     0.0000000
Basis vectors
      1.000000000   -0.000000000    0.000000000
     -0.500000000    0.866025404    0.000000000
     -0.000000000    0.000000000    1.170966248
            1  'Cr  '     47391.546009102
            2  'Sb  '    110977.451040910
    1    1    -0.0000000000     0.0000000000    -0.0000000000
    2    1     0.0000000000     0.0000000000     0.5854831242
    3    2    -0.0000000005     0.5773502698     0.2927415621
    4    2     0.5000000007     0.2886751344     0.8782246863

     Dynamical  Matrix in cartesian axes

     q = (    0.000000000  -0.577350269   0.000000000 )

    1    1
  0.18671988   0.00000000     0.00000000  -0.00000000    -0.00000000  -0.00000000
  0.00000000   0.00000000     0.19791071   0.00000000    -0.00760644  -0.00000000
 -0.00000000  -0.00000000    -0.00760644  -0.00000000     0.07297484  -0.00000000
    1    2
 -0.02990472  -0.00000000    -0.00000000  -0.00000000     0.00000000   0.00000000
 -0.00000000  -0.00000000    -0.02002629  -0.00000000    -0.00993370   0.00000000
 -0.00000000   0.00000000     0.00993370  -0.00000000     0.01177709   0.00000000
    1    3
  0.07695934  -0.00000000     0.00000000   0.00000000     0.00000000  -0.00000000
  0.00000000   0.00000000    -0.02841382  -0.00000000    -0.05839651   0.00000000
  0.00000000   0.00000000    -0.04664238   0.00000000     0.00799198  -0.00000000
    1    4
 -0.07695934   0.00000000    -0.00000000  -0.00000000    -0.00000000  -0.00000000
 -0.00000000  -0.00000000     0.02841382   0.00000000     0.05839651  -0.00000000
  0.00000000  -0.00000000     0.04664238  -0.00000000    -0.00799198   0.00000000
    2    1
 -0.02990472   0.00000000     0.00000000  -0.00000000    -0.00000000  -0.00000000
 -0.00000000   0.00000000    -0.02002629   0.00000000     0.00993370   0.00000000
  0.00000000   0.00000000    -0.00993370   0.00000000     0.01177709   0.00000000
    2    2
  0.18671988  -0.00000000     0.00000000   0.00000000     0.00000000  -0.00000000
  0.00000000   0.00000000     0.19791071  -0.00000000     0.00760644  -0.00000000
  0.00000000  -0.00000000     0.00760644   0.00000000     0.07297484  -0.00000000
    2    3
  0.07695934   0.00000000     0.00000000  -0.00000000    -0.00000000   0.00000000
  0.00000000   0.00000000    -0.02841382  -0.00000000     0.05839651  -0.00000000
 -0.00000000  -0.00000000     0.04664238  -0.00000000     0.00799198   0.00000000
    2    4
 -0.07695934   0.00000000     0.00000000  -0.00000000     0.00000000  -0.00000000
  0.00000000  -0.00000000     0.02841382   0.00000000    -0.05839651   0.00000000
 -0.00000000   0.00000000    -0.04664238   0.00000000    -0.00799198   0.00000000
    3    1
  0.07695934  -0.00000000     0.00000000   0.00000000    -0.00000000  -0.00000000
 -0.00000000  -0.00000000    -0.02841382  -0.00000000    -0.04664238  -0.00000000
  0.00000000   0.00000000    -0.05839651  -0.00000000     0.00799198   0.00000000
    3    2
  0.07695934  -0.00000000     0.00000000  -0.00000000     0.00000000   0.00000000
  0.00000000  -0.00000000    -0.02841382   0.00000000     0.04664238   0.00000000
  0.00000000   0.00000000     0.05839651  -0.00000000     0.00799198  -0.00000000
    3    3
  0.17988276  -0.00000000     0.00000000   0.00000000     0.00000000   0.00000000
 -0.00000000   0.00000000     0.19341013   0.00000000     0.00000000  -0.00000000
  0.00000000  -0.00000000    -0.00000000  -0.00000000     0.11882172  -0.00000000
    3    4
 -0.01778798  -0.00000000    -0.00000000  -0.00000000     0.00000000  -0.00000000
 -0.00000000   0.00000000    -0.00227059  -0.00000000    -0.00000000   0.00000000
  0.00000000  -0.00000000    -0.00000000   0.00000000    -0.00093383   0.00000000
    4    1
 -0.07695934  -0.00000000    -0.00000000   0.00000000     0.00000000   0.00000000
 -0.00000000  -0.00000000     0.02841382  -0.00000000     0.04664238   0.00000000
 -0.00000000   0.00000000     0.05839651   0.00000000    -0.00799198  -0.00000000
    4    2
 -0.07695934  -0.00000000     0.00000000  -0.00000000     0.00000000  -0.00000000
  0.00000000  -0.00000000     0.02841382  -0.00000000    -0.04664238  -0.00000000
  0.00000000   0.00000000    -0.05839651  -0.00000000    -0.00799198  -0.00000000
    4    3
 -0.01778798   0.00000000    -0.00000000   0.00000000     0.00000000   0.00000000
 -0.00000000   0.00000000    -0.00227059   0.00000000    -0.00000000  -0.00000000
  0.00000000  -0.00000000     0.00000000   0.00000000    -0.00093383  -0.00000000
    4    4
  0.17988276   0.00000000    -0.00000000   0.00000000    -0.00000000   0.00000000
  0.00000000   0.00000000     0.19341013  -0.00000000    -0.00000000   0.00000000
 -0.00000000   0.00000000    -0.00000000  -0.00000000     0.11882172  -0.00000000

     Dynamical  Matrix in cartesian axes

     q = (    0.500000000   0.288675134   0.000000000 )

    1    1
  0.19511300   0.00000000     0.00484577   0.00000000     0.00658737  -0.00000000
  0.00484577  -0.00000000     0.18951759  -0.00000000     0.00380322   0.00000000
  0.00658737  -0.00000000     0.00380322  -0.00000000     0.07297484  -0.00000000
    1    2
 -0.02249590   0.00000000     0.00427749  -0.00000000     0.00860283   0.00000000
  0.00427749  -0.00000000    -0.02743512   0.00000000     0.00496685  -0.00000000
 -0.00860283  -0.00000000    -0.00496685  -0.00000000     0.01177709   0.00000000
    1    3
  0.00207053   0.00000000     0.04562792  -0.00000000    -0.05057286  -0.00000000
  0.04562792   0.00000000    -0.05061605  -0.00000000    -0.02919826   0.00000000
 -0.04039349  -0.00000000    -0.02332119  -0.00000000    -0.00799198   0.00000000
    1    4
 -0.00207053  -0.00000000    -0.04562792  -0.00000000     0.05057286   0.00000000
 -0.04562792  -0.00000000     0.05061605   0.00000000     0.02919826   0.00000000
  0.04039349   0.00000000     0.02332119   0.00000000     0.00799198   0.00000000
    2    1
 -0.02249590   0.00000000     0.00427749   0.00000000    -0.00860283  -0.00000000
  0.00427749  -0.00000000    -0.02743512   0.00000000    -0.00496685   0.00000000
  0.00860283   0.00000000     0.00496685   0.00000000     0.01177709   0.00000000
    2    2
  0.19511300  -0.00000000     0.00484577  -0.00000000    -0.00658737   0.00000000
  0.00484577  -0.00000000     0.18951759  -0.00000000    -0.00380322  -0.00000000
 -0.00658737   0.00000000    -0.00380322   0.00000000     0.07297484  -0.00000000
    2    3
  0.00207053  -0.00000000     0.04562792  -0.00000000     0.05057286  -0.00000000
  0.04562792   0.00000000    -0.05061605  -0.00000000     0.02919826   0.00000000
  0.04039349   0.00000000     0.02332119   0.00000000    -0.00799198  -0.00000000
    2    4
 -0.00207053  -0.00000000    -0.04562792  -0.00000000    -0.05057286  -0.00000000
 -0.04562792  -0.00000000     0.05061605   0.00000000    -0.02919826  -0.00000000
 -0.04039349  -0.00000000    -0.02332119  -0.00000000     0.00799198   0.00000000
    3    1
  0.00207053   0.00000000     0.04562792   0.00000000    -0.04039349   0.00000000
  0.04562792  -0.00000000    -0.05061605  -0.00000000    -0.02332119  -0.00000000
 -0.05057286   0.00000000    -0.02919826   0.00000000    -0.00799198  -0.00000000
    3    2
  0.00207053  -0.00000000     0.04562792   0.00000000     0.04039349  -0.00000000
  0.04562792  -0.00000000    -0.05061605  -0.00000000     0.02332119   0.00000000
  0.05057286  -0.00000000     0.02919826  -0.00000000    -0.00799198   0.00000000
    3    3
  0.19002829   0.00000000     0.00585752   0.00000000    -0.00000000  -0.00000000
  0.00585752  -0.00000000     0.18326461  -0.00000000     0.00000000  -0.00000000
 -0.00000000   0.00000000     0.00000000   0.00000000     0.11882172  -0.00000000
    3    4
 -0.00614993   0.00000000     0.00671923   0.00000000    -0.00000000   0.00000000
  0.00671923   0.00000000    -0.01390863   0.00000000    -0.00000000   0.00000000
 -0.00000000   0.00000000    -0.00000000   0.00000000    -0.00093383   0.00000000
    4    1
 -0.00207053   0.00000000    -0.04562792   0.00000000     0.04039349  -0.00000000
 -0.04562792   0.00000000     0.05061605  -0.00000000     0.02332119  -0.00000000
  0.05057286  -0.00000000     0.02919826  -0.00000000     0.00799198  -0.00000000
    4    2
 -0.00207053   0.00000000    -0.04562792   0.00000000    -0.04039349   0.00000000
 -0.04562792   0.00000000     0.05061605  -0.00000000    -0.02332119   0.00000000
 -0.05057286   0.00000000    -0.02919826   0.00000000     0.00799198  -0.00000000
    4    3
 -0.00614993  -0.00000000     0.00671923  -0.00000000    -0.00000000   0.00000000
  0.00671923  -0.00000000    -0.01390863  -0.00000000     0.00000000   0.00000000
 -0.00000000  -0.00000000    -0.00000000  -0.00000000    -0.00093383  -0.00000000
    4    4
  0.19002829  -0.00000000     0.00585752  -0.00000000    -0.00000000   0.00000000
  0.00585752   0.00000000     0.18326461   0.00000000     0.00000000   0.00000000
 -0.00000000  -0.00000000    -0.00000000  -0.00000000     0.11882172  -0.00000000

     Dynamical  Matrix in cartesian axes

     q = (   -0.500000000   0.288675134   0.000000000 )

    1    1
  0.19511300   0.00000000    -0.00484577  -0.00000000    -0.00658737   0.00000000
 -0.00484577   0.00000000     0.18951759  -0.00000000     0.00380322   0.00000000
 -0.00658737   0.00000000     0.00380322   0.00000000     0.07297484   0.00000000
    1    2
 -0.02249590  -0.00000000    -0.00427749  -0.00000000    -0.00860283  -0.00000000
 -0.00427749   0.00000000    -0.02743512   0.00000000     0.00496685  -0.00000000
  0.00860283  -0.00000000    -0.00496685   0.00000000     0.01177709  -0.00000000
    1    3
  0.00207053  -0.00000000    -0.04562792  -0.00000000     0.05057286   0.00000000
 -0.04562792   0.00000000    -0.05061605  -0.00000000    -0.02919826   0.00000000
  0.04039349   0.00000000    -0.02332119   0.00000000    -0.00799198  -0.00000000
    1    4
  0.00207053  -0.00000000    -0.04562792   0.00000000     0.05057286  -0.00000000
 -0.04562792   0.00000000    -0.05061605  -0.00000000    -0.02919826   0.00000000
  0.04039349  -0.00000000    -0.02332119   0.00000000    -0.00799198  -0.00000000
    2    1
 -0.02249590  -0.00000000    -0.00427749  -0.00000000     0.00860283  -0.00000000
 -0.00427749   0.00000000    -0.02743512   0.00000000    -0.00496685   0.00000000
 -0.00860283  -0.00000000     0.00496685  -0.00000000     0.01177709  -0.00000000
    2    2
  0.19511300  -0.00000000    -0.00484577   0.00000000     0.00658737  -0.00000000
 -0.00484577   0.00000000     0.18951759  -0.00000000    -0.00380322  -0.00000000
  0.00658737   0.00000000    -0.00380322  -0.00000000     0.07297484  -0.00000000
    2    3
  0.00207053   0.00000000    -0.04562792   0.00000000    -0.05057286  -0.00000000
 -0.04562792   0.00000000    -0.05061605  -0.00000000     0.02919826  -0.00000000
 -0.04039349  -0.00000000     0.02332119  -0.00000000    -0.00799198  -0.00000000
    2    4
  0.00207053  -0.00000000    -0.04562792   0.00000000    -0.05057286   0.00000000
 -0.04562792   0.00000000    -0.05061605  -0.00000000     0.02919826  -0.00000000
 -0.04039349   0.00000000     0.02332119  -0.00000000    -0.00799198  -0.00000000
    3    1
  0.00207053  -0.00000000    -0.04562792  -0.00000000     0.04039349  -0.00000000
 -0.04562792  -0.00000000    -0.05061605   0.00000000    -0.02332119   0.00000000
  0.05057286  -0.00000000    -0.02919826  -0.00000000    -0.00799198   0.00000000
    3    2
  0.00207053   0.00000000    -0.04562792  -0.00000000    -0.04039349   0.00000000
 -0.04562792  -0.00000000    -0.05061605   0.00000000     0.02332119   0.00000000
 -0.05057286   0.00000000     0.02919826   0.00000000    -0.00799198  -0.00000000
    3    3
  0.19002829  -0.00000000    -0.00585752  -0.00000000     0.00000000   0.00000000
 -0.00585752   0.00000000     0.18326461   0.00000000     0.00000000  -0.00000000
  0.00000000  -0.00000000     0.00000000  -0.00000000     0.11882172   0.00000000
    3    4
  0.00614993  -0.00000000     0.00671923  -0.00000000    -0.00000000  -0.00000000
  0.00671923  -0.00000000     0.01390863  -0.00000000    -0.00000000   0.00000000
 -0.00000000  -0.00000000     0.00000000  -0.00000000     0.00093383  -0.00000000
    4    1
  0.00207053   0.00000000    -0.04562792  -0.00000000     0.04039349   0.00000000
 -0.04562792  -0.00000000    -0.05061605   0.00000000    -0.02332119  -0.00000000
  0.05057286   0.00000000    -0.02919826  -0.00000000    -0.00799198   0.00000000
    4    2
  0.00207053   0.00000000    -0.04562792  -0.00000000    -0.04039349  -0.00000000
 -0.04562792  -0.00000000    -0.05061605   0.00000000     0.02332119   0.00000000
 -0.05057286  -0.00000000     0.02919826   0.00000000    -0.00799198   0.00000000
    4    3
  0.00614993   0.00000000     0.00671923   0.00000000    -0.00000000  -0.00000000
  0.00671923   0.00000000     0.01390863   0.00000000     0.00000000   0.00000000
 -0.00000000   0.00000000     0.00000000   0.00000000     0.00093383   0.00000000
    4    4
  0.19002829   0.00000000    -0.00585752   0.00000000     0.00000000  -0.00000000
 -0.00585752  -0.00000000     0.18326461   0.00000000     0.00000000  -0.00000000
  0.00000000   0.00000000     0.00000000  -0.00000000     0.11882172  -0.00000000

     Diagonalizing the dynamical matrix

     q = (    0.000000000  -0.577350269   0.000000000 )

 **************************************************************************
     freq (   1) =       1.303888 [THz] =      43.493020 [cm-1]
( -0.000000  0.000000  0.108737  0.000000  0.604206  0.000000 )
( -0.000000  0.000000  0.108737  0.000000 -0.604206  0.000000 )
(  0.000000  0.000000  0.350873  0.000000  0.000000  0.000000 )
( -0.000000  0.000000 -0.350873  0.000000 -0.000000  0.000000 )
     freq (   2) =       1.769776 [THz] =      59.033376 [cm-1]
( -0.517868  0.000000 -0.000000  0.000000  0.000000  0.000000 )
( -0.517868  0.000000  0.000000  0.000000  0.000000  0.000000 )
(  0.481469  0.000000  0.000000  0.000000  0.000000  0.000000 )
( -0.481469  0.000000  0.000000  0.000000  0.000000  0.000000 )
     freq (   3) =       2.205672 [THz] =      73.573294 [cm-1]
(  0.000000  0.000000  0.356404  0.000000 -0.054706  0.000000 )
(  0.000000  0.000000 -0.356404  0.000000 -0.054706  0.000000 )
( -0.000000  0.000000 -0.000000  0.000000  0.608263  0.000000 )
(  0.000000  0.000000  0.000000  0.000000 -0.608263  0.000000 )
     freq (   4) =       3.390724 [THz] =     113.102373 [cm-1]
( -0.000000  0.000000  0.000000 -0.000000 -0.000000  0.000000 )
(  0.000000 -0.000000  0.000000 -0.000000  0.000000 -0.000000 )
( -0.000000  0.000000  0.000000 -0.000000  0.707107  0.000000 )
( -0.000000  0.000000  0.000000 -0.000000  0.707107 -0.000000 )
     freq (   5) =       3.975963 [THz] =     132.623851 [cm-1]
(  0.000000 -0.000000  0.000000 -0.000000  0.000000 -0.000000 )
( -0.000000  0.000000  0.000000 -0.000000  0.000000 -0.000000 )
(  0.707107 -0.000000  0.000000 -0.000000  0.000000 -0.000000 )
(  0.707107  0.000000 -0.000000  0.000000  0.000000 -0.000000 )
     freq (   6) =       4.317507 [THz] =     144.016545 [cm-1]
(  0.000000 -0.000000  0.000000 -0.000000  0.000000 -0.000000 )
(  0.000000 -0.000000 -0.000000  0.000000  0.000000 -0.000000 )
( -0.000000  0.000000  0.707107 -0.000000 -0.000000  0.000000 )
( -0.000000  0.000000  0.707107  0.000000 -0.000000  0.000000 )
     freq (   7) =       4.340221 [THz] =     144.774191 [cm-1]
(  0.000000  0.000000  0.093741  0.000000  0.700857  0.000000 )
( -0.000000  0.000000 -0.093741  0.000000  0.700857  0.000000 )
( -0.000000  0.000000 -0.000000  0.000000  0.003462  0.000000 )
(  0.000000  0.000000  0.000000  0.000000 -0.003462  0.000000 )
     freq (   8) =       5.233069 [THz] =     174.556400 [cm-1]
( -0.000000  0.000000  0.348187  0.000000 -0.516903  0.000000 )
(  0.000000  0.000000  0.348187  0.000000  0.516903  0.000000 )
( -0.000000  0.000000  0.334031  0.000000 -0.000000  0.000000 )
( -0.000000  0.000000 -0.334031  0.000000 -0.000000  0.000000 )
     freq (   9) =       6.678257 [THz] =     222.762689 [cm-1]
( -0.000000  0.000000  0.662716  0.000000  0.148471  0.000000 )
( -0.000000  0.000000  0.662716  0.000000 -0.148471  0.000000 )
( -0.000000  0.000000 -0.196884  0.000000 -0.000000  0.000000 )
(  0.000000  0.000000  0.196884  0.000000  0.000000  0.000000 )
     freq (  10) =       7.033616 [THz] =     234.616171 [cm-1]
(  0.707107  0.000000 -0.000000  0.000000  0.000000  0.000000 )
( -0.707107  0.000000  0.000000  0.000000  0.000000  0.000000 )
(  0.000000 -0.000000  0.000000  0.000000  0.000000  0.000000 )
( -0.000000  0.000000  0.000000  0.000000  0.000000  0.000000 )
     freq (  11) =       7.208222 [THz] =     240.440392 [cm-1]
(  0.642565  0.000000  0.000000  0.000000  0.000000  0.000000 )
(  0.642565  0.000000  0.000000  0.000000  0.000000  0.000000 )
(  0.295144  0.000000  0.000000  0.000000  0.000000  0.000000 )
( -0.295144  0.000000  0.000000  0.000000  0.000000  0.000000 )
     freq (  12) =       7.556678 [THz] =     252.063643 [cm-1]
( -0.000000  0.000000 -0.679704  0.000000  0.088905  0.000000 )
( -0.000000  0.000000  0.679704  0.000000  0.088905  0.000000 )
( -0.000000  0.000000 -0.000000  0.000000  0.173488  0.000000 )
(  0.000000  0.000000  0.000000  0.000000 -0.173488  0.000000 )
 **************************************************************************
