Dynamical matrix file

  2    4   0     7.9272319     0.0000000     0.0000000     0.0000000     0.0000000     0.0000000
Basis vectors
      1.000000000   -0.000000000    0.000000000
     -0.500000000    0.866025404    0.000000000
     -0.000000000    0.000000000    1.170966248
            1  'Cr  '     47391.546009102
            2  'Sb  '    110977.451040910
    1    1    -0.0000000000     0.0000000000    -0.0000000000
    2    1     0.0000000000     0.0000000000     0.5854831242
    3    2    -0.0000000005     0.5773502698     0.2927415621
    4    2     0.5000000007     0.2886751344     0.8782246863

     Dynamical  Matrix in cartesian axes

     q = (    0.000000000  -0.577350269  -0.426997789 )

    1    1
  0.17875019  -0.00000000     0.00000000   0.00000000    -0.00000000  -0.00000000
  0.00000000   0.00000000     0.18697764   0.00000000    -0.00881079  -0.00000000
 -0.00000000   0.00000000    -0.00881079   0.00000000     0.18504706  -0.00000000
    1    2
 -0.00000000   0.00000000    -0.00000000   0.00000000     0.00000000   0.00000000
  0.00000000  -0.00000000    -0.00000000  -0.00000000     0.00000000  -0.00000000
  0.00000000  -0.00000000     0.00000000   0.00000000    -0.00000000   0.00000000
    1    3
  0.08309603  -0.00000000     0.00000000   0.00000000    -0.00000000  -0.00000000
  0.00000000  -0.00000000    -0.02414939   0.00000000    -0.05962230  -0.00000000
  0.00000000  -0.00000000    -0.05622323   0.00000000     0.01085376   0.00000000
    1    4
  0.08309603  -0.00000000     0.00000000   0.00000000    -0.00000000   0.00000000
  0.00000000  -0.00000000    -0.02414939   0.00000000    -0.05962230   0.00000000
 -0.00000000   0.00000000    -0.05622323   0.00000000     0.01085376  -0.00000000
    2    1
 -0.00000000  -0.00000000     0.00000000  -0.00000000    -0.00000000   0.00000000
  0.00000000   0.00000000    -0.00000000   0.00000000     0.00000000  -0.00000000
  0.00000000  -0.00000000     0.00000000   0.00000000     0.00000000  -0.00000000
    2    2
  0.17875019   0.00000000     0.00000000  -0.00000000    -0.00000000   0.00000000
  0.00000000   0.00000000     0.18697764  -0.00000000     0.00881079   0.00000000
 -0.00000000   0.00000000     0.00881079   0.00000000     0.18504706   0.00000000
    2    3
  0.08309603  -0.00000000    -0.00000000  -0.00000000    -0.00000000   0.00000000
  0.00000000   0.00000000    -0.02414939   0.00000000     0.05962230  -0.00000000
 -0.00000000  -0.00000000     0.05622323  -0.00000000     0.01085376  -0.00000000
    2    4
 -0.08309603   0.00000000     0.00000000  -0.00000000     0.00000000  -0.00000000
  0.00000000  -0.00000000     0.02414939  -0.00000000    -0.05962230   0.00000000
 -0.00000000   0.00000000    -0.05622323   0.00000000    -0.01085376   0.00000000
    3    1
  0.08309603  -0.00000000     0.00000000  -0.00000000     0.00000000  -0.00000000
  0.00000000  -0.00000000    -0.02414939  -0.00000000    -0.05622323  -0.00000000
  0.00000000   0.00000000    -0.05962230   0.00000000     0.01085376   0.00000000
    3    2
  0.08309603   0.00000000     0.00000000  -0.00000000    -0.00000000   0.00000000
 -0.00000000  -0.00000000    -0.02414939  -0.00000000     0.05622323   0.00000000
 -0.00000000   0.00000000     0.05962230   0.00000000     0.01085376   0.00000000
    3    3
  0.18268890  -0.00000000    -0.00000000  -0.00000000     0.00000000  -0.00000000
 -0.00000000  -0.00000000     0.19962825   0.00000000     0.00000000  -0.00000000
 -0.00000000  -0.00000000    -0.00000000  -0.00000000     0.12385374   0.00000000
    3    4
 -0.00000000   0.00000000    -0.00000000  -0.00000000    -0.00000000   0.00000000
 -0.00000000  -0.00000000    -0.00000000   0.00000000     0.03354828  -0.00000000
  0.00000000   0.00000000     0.03354828  -0.00000000     0.00000000   0.00000000
    4    1
  0.08309603   0.00000000     0.00000000  -0.00000000     0.00000000  -0.00000000
  0.00000000  -0.00000000    -0.02414939  -0.00000000    -0.05622323  -0.00000000
 -0.00000000  -0.00000000    -0.05962230  -0.00000000     0.01085376   0.00000000
    4    2
 -0.08309603  -0.00000000     0.00000000   0.00000000     0.00000000  -0.00000000
  0.00000000  -0.00000000     0.02414939   0.00000000    -0.05622323  -0.00000000
  0.00000000   0.00000000    -0.05962230  -0.00000000    -0.01085376  -0.00000000
    4    3
 -0.00000000  -0.00000000     0.00000000   0.00000000     0.00000000   0.00000000
 -0.00000000  -0.00000000     0.00000000  -0.00000000     0.03354828   0.00000000
 -0.00000000  -0.00000000     0.03354828   0.00000000     0.00000000  -0.00000000
    4    4
  0.18268890   0.00000000    -0.00000000   0.00000000    -0.00000000   0.00000000
 -0.00000000  -0.00000000     0.19962825  -0.00000000     0.00000000   0.00000000
 -0.00000000   0.00000000    -0.00000000   0.00000000     0.12385374  -0.00000000

     Dynamical  Matrix in cartesian axes

     q = (    0.500000000   0.288675134   0.426997789 )

    1    1
  0.18492077   0.00000000     0.00356259   0.00000000     0.00763037   0.00000000
  0.00356259  -0.00000000     0.18080705   0.00000000     0.00440539   0.00000000
  0.00763037   0.00000000     0.00440539  -0.00000000     0.18504706   0.00000000
    1    2
 -0.00000000   0.00000000    -0.00000000  -0.00000000    -0.00000000   0.00000000
 -0.00000000  -0.00000000    -0.00000000  -0.00000000    -0.00000000  -0.00000000
  0.00000000  -0.00000000     0.00000000   0.00000000    -0.00000000  -0.00000000
    1    3
 -0.00266196   0.00000000     0.04643863  -0.00000000    -0.05163442  -0.00000000
  0.04643863  -0.00000000    -0.05628468   0.00000000    -0.02981115   0.00000000
 -0.04869075  -0.00000000    -0.02811162  -0.00000000    -0.01085376   0.00000000
    1    4
 -0.00266196  -0.00000000     0.04643863   0.00000000    -0.05163442  -0.00000000
  0.04643863   0.00000000    -0.05628468  -0.00000000    -0.02981115  -0.00000000
 -0.04869075  -0.00000000    -0.02811162  -0.00000000    -0.01085376  -0.00000000
    2    1
 -0.00000000  -0.00000000     0.00000000   0.00000000     0.00000000   0.00000000
 -0.00000000   0.00000000    -0.00000000   0.00000000     0.00000000  -0.00000000
 -0.00000000  -0.00000000    -0.00000000   0.00000000     0.00000000   0.00000000
    2    2
  0.18492077  -0.00000000     0.00356259  -0.00000000    -0.00763037  -0.00000000
  0.00356259   0.00000000     0.18080705  -0.00000000    -0.00440539   0.00000000
 -0.00763037  -0.00000000    -0.00440539  -0.00000000     0.18504706   0.00000000
    2    3
 -0.00266196   0.00000000     0.04643863   0.00000000     0.05163442   0.00000000
  0.04643863   0.00000000    -0.05628468  -0.00000000     0.02981115   0.00000000
  0.04869075   0.00000000     0.02811162   0.00000000    -0.01085376   0.00000000
    2    4
  0.00266196   0.00000000    -0.04643863  -0.00000000    -0.05163442  -0.00000000
 -0.04643863  -0.00000000     0.05628468   0.00000000    -0.02981115  -0.00000000
 -0.04869075  -0.00000000    -0.02811162  -0.00000000     0.01085376   0.00000000
    3    1
 -0.00266196   0.00000000     0.04643863   0.00000000    -0.04869075   0.00000000
  0.04643863  -0.00000000    -0.05628468   0.00000000    -0.02811162  -0.00000000
 -0.05163442   0.00000000    -0.02981115  -0.00000000    -0.01085376   0.00000000
    3    2
 -0.00266196  -0.00000000     0.04643863  -0.00000000     0.04869075  -0.00000000
  0.04643863  -0.00000000    -0.05628468   0.00000000     0.02811162  -0.00000000
  0.05163442  -0.00000000     0.02981115  -0.00000000    -0.01085376  -0.00000000
    3    3
  0.19539341   0.00000000     0.00733495   0.00000000    -0.00000000  -0.00000000
  0.00733495  -0.00000000     0.18692373  -0.00000000     0.00000000   0.00000000
 -0.00000000  -0.00000000     0.00000000   0.00000000     0.12385374  -0.00000000
    3    4
  0.00000000  -0.00000000    -0.00000000  -0.00000000    -0.02905366  -0.00000000
 -0.00000000  -0.00000000    -0.00000000  -0.00000000    -0.01677414  -0.00000000
 -0.02905366  -0.00000000    -0.01677414  -0.00000000     0.00000000   0.00000000
    4    1
 -0.00266196   0.00000000     0.04643863  -0.00000000    -0.04869075   0.00000000
  0.04643863  -0.00000000    -0.05628468   0.00000000    -0.02811162   0.00000000
 -0.05163442   0.00000000    -0.02981115   0.00000000    -0.01085376   0.00000000
    4    2
  0.00266196  -0.00000000    -0.04643863   0.00000000    -0.04869075   0.00000000
 -0.04643863   0.00000000     0.05628468  -0.00000000    -0.02811162   0.00000000
 -0.05163442   0.00000000    -0.02981115   0.00000000     0.01085376  -0.00000000
    4    3
  0.00000000   0.00000000     0.00000000   0.00000000    -0.02905366   0.00000000
  0.00000000   0.00000000    -0.00000000   0.00000000    -0.01677414   0.00000000
 -0.02905366   0.00000000    -0.01677414   0.00000000     0.00000000  -0.00000000
    4    4
  0.19539341   0.00000000     0.00733495   0.00000000    -0.00000000  -0.00000000
  0.00733495   0.00000000     0.18692373  -0.00000000     0.00000000  -0.00000000
 -0.00000000  -0.00000000     0.00000000  -0.00000000     0.12385374  -0.00000000

     Dynamical  Matrix in cartesian axes

     q = (   -0.500000000   0.288675134   0.426997789 )

    1    1
  0.18492077   0.00000000    -0.00356259  -0.00000000    -0.00763037  -0.00000000
 -0.00356259  -0.00000000     0.18080705  -0.00000000     0.00440539  -0.00000000
 -0.00763037  -0.00000000     0.00440539  -0.00000000     0.18504706  -0.00000000
    1    2
 -0.00000000   0.00000000    -0.00000000  -0.00000000     0.00000000   0.00000000
  0.00000000  -0.00000000    -0.00000000  -0.00000000    -0.00000000  -0.00000000
 -0.00000000  -0.00000000     0.00000000   0.00000000    -0.00000000  -0.00000000
    1    3
 -0.00266196  -0.00000000    -0.04643863   0.00000000     0.05163442   0.00000000
 -0.04643863  -0.00000000    -0.05628468  -0.00000000    -0.02981115   0.00000000
  0.04869075   0.00000000    -0.02811162   0.00000000    -0.01085376  -0.00000000
    1    4
  0.00266196   0.00000000     0.04643863   0.00000000    -0.05163442  -0.00000000
  0.04643863   0.00000000     0.05628468   0.00000000     0.02981115   0.00000000
 -0.04869075  -0.00000000     0.02811162   0.00000000     0.01085376   0.00000000
    2    1
 -0.00000000  -0.00000000     0.00000000   0.00000000    -0.00000000   0.00000000
  0.00000000   0.00000000    -0.00000000   0.00000000     0.00000000  -0.00000000
  0.00000000  -0.00000000    -0.00000000   0.00000000     0.00000000   0.00000000
    2    2
  0.18492077   0.00000000    -0.00356259  -0.00000000     0.00763037   0.00000000
 -0.00356259   0.00000000     0.18080705  -0.00000000    -0.00440539   0.00000000
  0.00763037  -0.00000000    -0.00440539   0.00000000     0.18504706  -0.00000000
    2    3
 -0.00266196   0.00000000    -0.04643863  -0.00000000    -0.05163442  -0.00000000
 -0.04643863  -0.00000000    -0.05628468  -0.00000000     0.02981115   0.00000000
 -0.04869075  -0.00000000     0.02811162   0.00000000    -0.01085376   0.00000000
    2    4
 -0.00266196  -0.00000000    -0.04643863  -0.00000000    -0.05163442  -0.00000000
 -0.04643863  -0.00000000    -0.05628468  -0.00000000     0.02981115   0.00000000
 -0.04869075  -0.00000000     0.02811162   0.00000000    -0.01085376  -0.00000000
    3    1
 -0.00266196   0.00000000    -0.04643863   0.00000000     0.04869075  -0.00000000
 -0.04643863  -0.00000000    -0.05628468  -0.00000000    -0.02811162   0.00000000
  0.05163442  -0.00000000    -0.02981115  -0.00000000    -0.01085376   0.00000000
    3    2
 -0.00266196  -0.00000000    -0.04643863   0.00000000    -0.04869075   0.00000000
 -0.04643863   0.00000000    -0.05628468   0.00000000     0.02811162  -0.00000000
 -0.05163442   0.00000000     0.02981115  -0.00000000    -0.01085376  -0.00000000
    3    3
  0.19539341  -0.00000000    -0.00733495   0.00000000     0.00000000   0.00000000
 -0.00733495   0.00000000     0.18692373  -0.00000000     0.00000000   0.00000000
  0.00000000   0.00000000     0.00000000  -0.00000000     0.12385374   0.00000000
    3    4
 -0.00000000   0.00000000     0.00000000  -0.00000000    -0.02905366  -0.00000000
  0.00000000  -0.00000000     0.00000000   0.00000000     0.01677414   0.00000000
 -0.02905366  -0.00000000     0.01677414   0.00000000    -0.00000000   0.00000000
    4    1
  0.00266196  -0.00000000     0.04643863  -0.00000000    -0.04869075   0.00000000
  0.04643863  -0.00000000     0.05628468  -0.00000000     0.02811162  -0.00000000
 -0.05163442   0.00000000     0.02981115  -0.00000000     0.01085376  -0.00000000
    4    2
 -0.00266196   0.00000000    -0.04643863   0.00000000    -0.04869075   0.00000000
 -0.04643863   0.00000000    -0.05628468   0.00000000     0.02811162  -0.00000000
 -0.05163442   0.00000000     0.02981115  -0.00000000    -0.01085376   0.00000000
    4    3
 -0.00000000  -0.00000000     0.00000000   0.00000000    -0.02905366   0.00000000
  0.00000000   0.00000000     0.00000000  -0.00000000     0.01677414  -0.00000000
 -0.02905366   0.00000000     0.01677414  -0.00000000    -0.00000000  -0.00000000
    4    4
  0.19539341   0.00000000    -0.00733495  -0.00000000     0.00000000  -0.00000000
 -0.00733495  -0.00000000     0.18692373   0.00000000     0.00000000  -0.00000000
  0.00000000   0.00000000     0.00000000   0.00000000     0.12385374  -0.00000000

     Diagonalizing the dynamical matrix

     q = (    0.000000000  -0.577350269  -0.426997789 )

 **************************************************************************
     freq (   1) =       2.650506 [THz] =      88.411366 [cm-1]
( -0.000000  0.000000  0.405590  0.000000 -0.182827  0.000000 )
( -0.000000  0.000000  0.000000  0.000000  0.000000  0.000000 )
(  0.000000  0.000000 -0.164582  0.000000  0.611513  0.000000 )
(  0.000000  0.000000 -0.164582  0.000000  0.611513  0.000000 )
     freq (   2) =       2.650506 [THz] =      88.411366 [cm-1]
( -0.000000  0.000000  0.004316 -0.000000 -0.001945  0.000000 )
( -0.000000  0.000000 -0.405567  0.000000 -0.182816  0.000000 )
(  0.000000 -0.000000  0.162821 -0.000000  0.617985  0.000000 )
( -0.000000  0.000000 -0.166324  0.000000 -0.604972  0.000000 )
     freq (   3) =       2.888921 [THz] =      96.364046 [cm-1]
( -0.000000  0.000000  0.000000  0.000000  0.000000  0.000000 )
( -0.637014  0.000000  0.000000  0.000000  0.000000  0.000000 )
(  0.545075  0.000000 -0.000000  0.000000 -0.000000  0.000000 )
( -0.545075  0.000000  0.000000  0.000000  0.000000  0.000000 )
     freq (   4) =       2.888921 [THz] =      96.364046 [cm-1]
( -0.637014  0.000000  0.000000  0.000000  0.000000  0.000000 )
(  0.000000  0.000000  0.000000  0.000000  0.000000  0.000000 )
(  0.545075  0.000000  0.000000  0.000000  0.000000  0.000000 )
(  0.545075 -0.000000  0.000000  0.000000  0.000000  0.000000 )
     freq (   5) =       3.702239 [THz] =     123.493397 [cm-1]
(  0.000000 -0.000000  0.360898 -0.000000  0.493479 -0.000000 )
(  0.000000 -0.000000 -0.000000  0.000000 -0.000000  0.000000 )
( -0.000000  0.000000  0.544951  0.000000  0.127060 -0.000000 )
(  0.000000 -0.000000  0.544951 -0.000000  0.127060 -0.000000 )
     freq (   6) =       3.702239 [THz] =     123.493397 [cm-1]
(  0.000000 -0.000000  0.091906 -0.000000  0.125669 -0.000000 )
( -0.000000  0.000000  0.348999 -0.000000 -0.477210  0.000000 )
(  0.000000 -0.000000  0.665761  0.000000 -0.090514  0.000000 )
( -0.000000  0.000000 -0.388208  0.000000  0.155228 -0.000000 )
     freq (   7) =       6.878605 [THz] =     229.445566 [cm-1]
( -0.000000  0.000000  0.006675  0.000000  0.048571  0.000000 )
( -0.000000  0.000000 -0.130427  0.000000  0.949054  0.000000 )
( -0.000000  0.000000  0.189062  0.000000 -0.012104  0.000000 )
(  0.000000  0.000000 -0.209457  0.000000  0.010925  0.000000 )
     freq (   8) =       6.878605 [THz] =     229.445566 [cm-1]
( -0.000000  0.000000  0.127993 -0.000000  0.931349  0.000000 )
( -0.000000  0.000000  0.025949 -0.000000 -0.188816  0.000000 )
( -0.000000  0.000000 -0.235185  0.000000 -0.009009  0.000000 )
(  0.000000 -0.000000 -0.155899  0.000000 -0.013591  0.000000 )
     freq (   9) =       6.961460 [THz] =     232.209307 [cm-1]
( -0.000000  0.000000  0.948493  0.000000 -0.196789  0.000000 )
(  0.000000  0.000000  0.042738  0.000000  0.008867  0.000000 )
(  0.000000  0.000000 -0.060795  0.000000 -0.155219  0.000000 )
( -0.000000  0.000000 -0.055552  0.000000 -0.169867  0.000000 )
     freq (  10) =       6.961460 [THz] =     232.209307 [cm-1]
( -0.000000  0.000000  0.016511 -0.000000 -0.003426  0.000000 )
( -0.000000  0.000000  0.949312  0.000000  0.196959 -0.000000 )
( -0.000000  0.000000 -0.059237  0.000000  0.159853 -0.000000 )
(  0.000000 -0.000000  0.057211 -0.000000 -0.165512  0.000000 )
     freq (  11) =       7.091757 [THz] =     236.555556 [cm-1]
(  0.943004  0.000000  0.000000  0.000000  0.000000  0.000000 )
(  0.000000  0.000000  0.000000  0.000000  0.000000  0.000000 )
(  0.235311 -0.000000  0.000000  0.000000  0.000000  0.000000 )
(  0.235311 -0.000000  0.000000  0.000000  0.000000  0.000000 )
     freq (  12) =       7.091757 [THz] =     236.555556 [cm-1]
( -0.000000  0.000000  0.000000  0.000000  0.000000  0.000000 )
(  0.943004  0.000000  0.000000  0.000000  0.000000  0.000000 )
(  0.235311  0.000000 -0.000000  0.000000 -0.000000  0.000000 )
( -0.235311  0.000000 -0.000000  0.000000 -0.000000  0.000000 )
 **************************************************************************
