Dynamical matrix file

  2    4   0     7.9272319     0.0000000     0.0000000     0.0000000     0.0000000     0.0000000
Basis vectors
      1.000000000   -0.000000000    0.000000000
     -0.500000000    0.866025404    0.000000000
     -0.000000000    0.000000000    1.170966248
            1  'Cr  '     47391.546009102
            2  'Sb  '    110977.451040910
    1    1    -0.0000000000     0.0000000000    -0.0000000000
    2    1     0.0000000000     0.0000000000     0.5854831242
    3    2    -0.0000000005     0.5773502698     0.2927415621
    4    2     0.5000000007     0.2886751344     0.8782246863

     Dynamical  Matrix in cartesian axes

     q = (    0.000000000   0.000000000  -0.426997789 )

    1    1
  0.18691466  -0.00000000    -0.00000000   0.00000000     0.00000000  -0.00000000
 -0.00000000   0.00000000     0.18691466   0.00000000     0.00000000   0.00000000
  0.00000000  -0.00000000     0.00000000   0.00000000     0.19039323  -0.00000000
    1    2
 -0.00000000  -0.00000000    -0.00000000  -0.00000000     0.00000000   0.00000000
 -0.00000000  -0.00000000     0.00000000  -0.00000000     0.00000000   0.00000000
  0.00000000  -0.00000000     0.00000000  -0.00000000    -0.00000000   0.00000000
    1    3
 -0.07047651  -0.00000000     0.00000000   0.00000000    -0.00000000   0.00000000
 -0.00000000   0.00000000    -0.07047651  -0.00000000    -0.00000000  -0.00000000
 -0.00000000   0.00000000    -0.00000000   0.00000000    -0.02736199   0.00000000
    1    4
  0.07047651  -0.00000000    -0.00000000  -0.00000000    -0.00000000   0.00000000
 -0.00000000   0.00000000     0.07047651  -0.00000000     0.00000000   0.00000000
 -0.00000000   0.00000000     0.00000000   0.00000000     0.02736199  -0.00000000
    2    1
 -0.00000000   0.00000000    -0.00000000  -0.00000000    -0.00000000  -0.00000000
  0.00000000   0.00000000     0.00000000   0.00000000     0.00000000   0.00000000
  0.00000000  -0.00000000     0.00000000   0.00000000     0.00000000  -0.00000000
    2    2
  0.18691466   0.00000000    -0.00000000  -0.00000000    -0.00000000   0.00000000
 -0.00000000  -0.00000000     0.18691466   0.00000000    -0.00000000  -0.00000000
 -0.00000000   0.00000000    -0.00000000   0.00000000     0.19039323  -0.00000000
    2    3
 -0.07047651   0.00000000    -0.00000000  -0.00000000    -0.00000000  -0.00000000
  0.00000000   0.00000000    -0.07047651   0.00000000     0.00000000   0.00000000
  0.00000000   0.00000000     0.00000000  -0.00000000    -0.02736199   0.00000000
    2    4
 -0.07047651   0.00000000    -0.00000000   0.00000000     0.00000000  -0.00000000
  0.00000000  -0.00000000    -0.07047651   0.00000000     0.00000000  -0.00000000
  0.00000000  -0.00000000     0.00000000  -0.00000000    -0.02736199   0.00000000
    3    1
 -0.07047651   0.00000000    -0.00000000  -0.00000000    -0.00000000   0.00000000
  0.00000000  -0.00000000    -0.07047651  -0.00000000    -0.00000000  -0.00000000
 -0.00000000  -0.00000000    -0.00000000   0.00000000    -0.02736199   0.00000000
    3    2
 -0.07047651  -0.00000000     0.00000000  -0.00000000     0.00000000  -0.00000000
 -0.00000000  -0.00000000    -0.07047651  -0.00000000     0.00000000   0.00000000
 -0.00000000  -0.00000000     0.00000000   0.00000000    -0.02736199  -0.00000000
    3    3
  0.17499694   0.00000000    -0.00000000   0.00000000     0.00000000   0.00000000
 -0.00000000   0.00000000     0.17499694   0.00000000     0.00000000   0.00000000
  0.00000000   0.00000000    -0.00000000  -0.00000000     0.13027486   0.00000000
    3    4
  0.00000000  -0.00000000     0.00000000   0.00000000     0.00000000   0.00000000
  0.00000000   0.00000000     0.00000000  -0.00000000     0.00000000  -0.00000000
 -0.00000000   0.00000000     0.00000000  -0.00000000    -0.00000000  -0.00000000
    4    1
  0.07047651   0.00000000    -0.00000000  -0.00000000    -0.00000000   0.00000000
 -0.00000000   0.00000000     0.07047651   0.00000000     0.00000000  -0.00000000
  0.00000000  -0.00000000     0.00000000  -0.00000000     0.02736199   0.00000000
    4    2
 -0.07047651  -0.00000000     0.00000000   0.00000000     0.00000000  -0.00000000
  0.00000000   0.00000000    -0.07047651  -0.00000000     0.00000000  -0.00000000
 -0.00000000   0.00000000     0.00000000  -0.00000000    -0.02736199  -0.00000000
    4    3
 -0.00000000   0.00000000     0.00000000  -0.00000000    -0.00000000  -0.00000000
  0.00000000   0.00000000     0.00000000   0.00000000     0.00000000   0.00000000
  0.00000000  -0.00000000     0.00000000   0.00000000    -0.00000000   0.00000000
    4    4
  0.17499694  -0.00000000    -0.00000000  -0.00000000    -0.00000000  -0.00000000
 -0.00000000  -0.00000000     0.17499694   0.00000000    -0.00000000   0.00000000
  0.00000000   0.00000000    -0.00000000   0.00000000     0.13027486  -0.00000000

     Diagonalizing the dynamical matrix

     q = (    0.000000000   0.000000000  -0.426997789 )

 **************************************************************************
     freq (   1) =       3.200992 [THz] =     106.773602 [cm-1]
(  0.000000  0.000000  0.000000 -0.000000  0.000000 -0.000000 )
(  0.574371 -0.000000 -0.000000  0.000000 -0.000000  0.000000 )
(  0.578834  0.000000 -0.000000  0.000000  0.000000 -0.000000 )
(  0.578834 -0.000000 -0.000000  0.000000 -0.000000  0.000000 )
     freq (   2) =       3.200992 [THz] =     106.773602 [cm-1]
(  0.112176 -0.000000 -0.453276  0.000000 -0.000000  0.000000 )
( -0.257535  0.000000  0.213389 -0.000000 -0.000000  0.000000 )
( -0.146489  0.000000 -0.241751  0.000000 -0.000000  0.000000 )
( -0.372584  0.000000  0.671846  0.000000 -0.000000  0.000000 )
     freq (   3) =       3.200992 [THz] =     106.773602 [cm-1]
(  0.574371  0.000000  0.000000  0.000000  0.000000  0.000000 )
(  0.000000  0.000000  0.000000  0.000000  0.000000  0.000000 )
(  0.578834  0.000000  0.000000  0.000000  0.000000  0.000000 )
( -0.578834  0.000000  0.000000  0.000000  0.000000  0.000000 )
     freq (   4) =       3.200992 [THz] =     106.773602 [cm-1]
( -0.000000  0.000000 -0.000000  0.000000  0.000000  0.000000 )
(  0.013769  0.000000  0.574206  0.000000 -0.000000  0.000000 )
(  0.013876  0.000000  0.578668  0.000000 -0.000000  0.000000 )
(  0.013876  0.000000  0.578668  0.000000 -0.000000  0.000000 )
     freq (   5) =       3.414251 [THz] =     113.887153 [cm-1]
(  0.000000  0.000000  0.000000  0.000000  0.267563  0.000000 )
(  0.000000  0.000000  0.000000  0.000000  0.000000  0.000000 )
(  0.000000  0.000000  0.000000  0.000000  0.681326  0.000000 )
(  0.000000  0.000000  0.000000  0.000000 -0.681326  0.000000 )
     freq (   6) =       3.414251 [THz] =     113.887153 [cm-1]
(  0.000000 -0.000000  0.000000 -0.000000 -0.000000  0.000000 )
( -0.000000  0.000000  0.000000 -0.000000  0.267563 -0.000000 )
( -0.000000  0.000000  0.000000 -0.000000  0.681326 -0.000000 )
( -0.000000  0.000000 -0.000000  0.000000  0.681326  0.000000 )
     freq (   7) =       6.673012 [THz] =     222.587715 [cm-1]
( -0.000000  0.000000  0.000000 -0.000000 -0.000000  0.000000 )
(  0.000000 -0.000000  0.000000 -0.000000  0.993042  0.000000 )
( -0.000000  0.000000 -0.000000  0.000000 -0.083268  0.000000 )
( -0.000000  0.000000  0.000000 -0.000000 -0.083268  0.000000 )
     freq (   8) =       6.673012 [THz] =     222.587715 [cm-1]
(  0.000000  0.000000  0.000000  0.000000  0.993042  0.000000 )
(  0.000000  0.000000  0.000000  0.000000  0.000000  0.000000 )
(  0.000000  0.000000  0.000000  0.000000 -0.083268  0.000000 )
(  0.000000  0.000000  0.000000  0.000000  0.083268 -0.000000 )
     freq (   9) =       7.036117 [THz] =     234.699603 [cm-1]
( -0.008303  0.000000  0.142110  0.000000 -0.000000  0.000000 )
( -0.133623  0.000000  0.937815  0.000000  0.000000  0.000000 )
(  0.030070  0.000000 -0.228806  0.000000  0.000000  0.000000 )
(  0.026552  0.000000 -0.168588  0.000000  0.000000  0.000000 )
     freq (  10) =       7.036117 [THz] =     234.699603 [cm-1]
(  0.957923  0.000000  0.000000  0.000000  0.000000  0.000000 )
(  0.000000  0.000000  0.000000  0.000000  0.000000  0.000000 )
( -0.202957  0.000000  0.000000  0.000000  0.000000  0.000000 )
(  0.202957 -0.000000  0.000000  0.000000  0.000000  0.000000 )
     freq (  11) =       7.036117 [THz] =     234.699603 [cm-1]
(  0.000000  0.000000 -0.000000  0.000000  0.000000 -0.000000 )
(  0.957923  0.000000  0.000000 -0.000000  0.000000 -0.000000 )
( -0.202957  0.000000  0.000000 -0.000000 -0.000000  0.000000 )
( -0.202957  0.000000  0.000000 -0.000000  0.000000 -0.000000 )
     freq (  12) =       7.036117 [THz] =     234.699603 [cm-1]
( -0.222916  0.000000  0.914981  0.000000 -0.000000  0.000000 )
( -0.152315  0.000000  0.086807  0.000000 -0.000000  0.000000 )
(  0.079501  0.000000 -0.212251  0.000000  0.000000  0.000000 )
( -0.014958  0.000000  0.175467  0.000000  0.000000  0.000000 )
 **************************************************************************
