Dynamical matrix file

  2    4   0     7.9272319     0.0000000     0.0000000     0.0000000     0.0000000     0.0000000
Basis vectors
      1.000000000   -0.000000000    0.000000000
     -0.500000000    0.866025404    0.000000000
     -0.000000000    0.000000000    1.170966248
            1  'Cr  '     47391.546009102
            2  'Sb  '    110977.451040910
    1    1    -0.0000000000     0.0000000000    -0.0000000000
    2    1     0.0000000000     0.0000000000     0.5854831242
    3    2    -0.0000000005     0.5773502698     0.2927415621
    4    2     0.5000000007     0.2886751344     0.8782246863

     Dynamical  Matrix in cartesian axes

     q = (    0.000000000   0.000000000   0.000000000 )

    1    1
  0.19536494   0.00000000     0.00000000   0.00000000     0.00000000   0.00000000
  0.00000000   0.00000000     0.19536494   0.00000000     0.00000000   0.00000000
  0.00000000   0.00000000     0.00000000   0.00000000     0.06616779   0.00000000
    1    2
 -0.03587660   0.00000000     0.00000000   0.00000000    -0.00000000   0.00000000
  0.00000000   0.00000000    -0.03587660   0.00000000    -0.00000000   0.00000000
  0.00000000   0.00000000     0.00000000   0.00000000    -0.01075753   0.00000000
    1    3
 -0.07974417   0.00000000    -0.00000000   0.00000000     0.00000000   0.00000000
 -0.00000000   0.00000000    -0.07974417   0.00000000    -0.00000000   0.00000000
 -0.00000000   0.00000000    -0.00000000   0.00000000    -0.02770513   0.00000000
    1    4
 -0.07974417   0.00000000    -0.00000000   0.00000000     0.00000000   0.00000000
 -0.00000000   0.00000000    -0.07974417   0.00000000    -0.00000000   0.00000000
  0.00000000   0.00000000    -0.00000000   0.00000000    -0.02770513   0.00000000
    2    1
 -0.03587660   0.00000000     0.00000000   0.00000000     0.00000000   0.00000000
  0.00000000   0.00000000    -0.03587660   0.00000000     0.00000000   0.00000000
 -0.00000000   0.00000000    -0.00000000   0.00000000    -0.01075753   0.00000000
    2    2
  0.19536494   0.00000000     0.00000000   0.00000000     0.00000000   0.00000000
 -0.00000000   0.00000000     0.19536494   0.00000000    -0.00000000   0.00000000
 -0.00000000   0.00000000    -0.00000000   0.00000000     0.06616779   0.00000000
    2    3
 -0.07974417   0.00000000     0.00000000   0.00000000    -0.00000000   0.00000000
  0.00000000   0.00000000    -0.07974417   0.00000000     0.00000000   0.00000000
  0.00000000   0.00000000     0.00000000   0.00000000    -0.02770513   0.00000000
    2    4
 -0.07974417   0.00000000    -0.00000000   0.00000000    -0.00000000   0.00000000
 -0.00000000   0.00000000    -0.07974417   0.00000000     0.00000000   0.00000000
 -0.00000000   0.00000000     0.00000000   0.00000000    -0.02770513   0.00000000
    3    1
 -0.07974417   0.00000000     0.00000000   0.00000000    -0.00000000   0.00000000
 -0.00000000   0.00000000    -0.07974417   0.00000000    -0.00000000   0.00000000
  0.00000000   0.00000000    -0.00000000   0.00000000    -0.02770513   0.00000000
    3    2
 -0.07974417   0.00000000     0.00000000   0.00000000     0.00000000   0.00000000
  0.00000000   0.00000000    -0.07974417   0.00000000     0.00000000   0.00000000
 -0.00000000   0.00000000     0.00000000   0.00000000    -0.02770513   0.00000000
    3    3
  0.17298642   0.00000000    -0.00000000   0.00000000    -0.00000000   0.00000000
  0.00000000   0.00000000     0.17298642   0.00000000     0.00000000   0.00000000
 -0.00000000   0.00000000    -0.00000000   0.00000000     0.12381183   0.00000000
    3    4
 -0.01349807   0.00000000     0.00000000   0.00000000     0.00000000   0.00000000
  0.00000000   0.00000000    -0.01349807   0.00000000     0.00000000   0.00000000
 -0.00000000   0.00000000     0.00000000   0.00000000    -0.06840158   0.00000000
    4    1
 -0.07974417   0.00000000    -0.00000000   0.00000000     0.00000000   0.00000000
  0.00000000   0.00000000    -0.07974417   0.00000000    -0.00000000   0.00000000
  0.00000000   0.00000000    -0.00000000   0.00000000    -0.02770513   0.00000000
    4    2
 -0.07974417   0.00000000    -0.00000000   0.00000000    -0.00000000   0.00000000
  0.00000000   0.00000000    -0.07974417   0.00000000     0.00000000   0.00000000
  0.00000000   0.00000000     0.00000000   0.00000000    -0.02770513   0.00000000
    4    3
 -0.01349807   0.00000000     0.00000000   0.00000000     0.00000000   0.00000000
  0.00000000   0.00000000    -0.01349807   0.00000000     0.00000000   0.00000000
 -0.00000000   0.00000000     0.00000000   0.00000000    -0.06840158   0.00000000
    4    4
  0.17298642   0.00000000    -0.00000000   0.00000000    -0.00000000   0.00000000
 -0.00000000   0.00000000     0.17298642   0.00000000     0.00000000   0.00000000
 -0.00000000   0.00000000    -0.00000000   0.00000000     0.12381183   0.00000000

     Diagonalizing the dynamical matrix

     q = (    0.000000000   0.000000000   0.000000000 )

 **************************************************************************
     freq (   1) =      -0.000827 [THz] =      -0.027575 [cm-1]
( -0.000000  0.000000  0.000000 -0.000000  0.500000 -0.000000 )
( -0.000000  0.000000  0.000000 -0.000000  0.500000 -0.000000 )
( -0.000000  0.000000  0.000000 -0.000000  0.500000 -0.000000 )
( -0.000000  0.000000  0.000000 -0.000000  0.500000  0.000000 )
     freq (   2) =       0.000827 [THz] =       0.027575 [cm-1]
(  0.499282  0.000000 -0.026778  0.000000 -0.000000  0.000000 )
(  0.499282  0.000000 -0.026778  0.000000 -0.000000  0.000000 )
(  0.499282  0.000000 -0.026778  0.000000 -0.000000  0.000000 )
(  0.499282  0.000000 -0.026778  0.000000 -0.000000  0.000000 )
     freq (   3) =       0.000827 [THz] =       0.027575 [cm-1]
(  0.500000  0.000000  0.000000  0.000000  0.000000  0.000000 )
(  0.500000  0.000000  0.000000  0.000000  0.000000  0.000000 )
(  0.500000  0.000000  0.000000  0.000000  0.000000  0.000000 )
(  0.500000  0.000000  0.000000  0.000000  0.000000  0.000000 )
     freq (   4) =       4.191403 [THz] =     139.810153 [cm-1]
( -0.000000  0.000000  0.000000  0.000000 -0.707107  0.000000 )
( -0.000000  0.000000 -0.000000  0.000000  0.707107  0.000000 )
( -0.000000  0.000000 -0.000000  0.000000 -0.000000  0.000000 )
(  0.000000  0.000000  0.000000  0.000000 -0.000000  0.000000 )
     freq (   5) =       4.249497 [THz] =     141.747973 [cm-1]
(  0.000000  0.000000 -0.000000  0.000000  0.650294  0.000000 )
(  0.000000  0.000000  0.000000  0.000000  0.650294  0.000000 )
( -0.000000  0.000000 -0.000000  0.000000 -0.277700  0.000000 )
(  0.000000  0.000000  0.000000  0.000000 -0.277700  0.000000 )
     freq (   6) =       4.264609 [THz] =     142.252032 [cm-1]
(  0.000000  0.000000 -0.000000  0.000000 -0.000000  0.000000 )
(  0.000000  0.000000 -0.000000  0.000000 -0.000000  0.000000 )
(  0.241717  0.000000 -0.664510  0.000000  0.000000  0.000000 )
( -0.241717  0.000000  0.664510  0.000000  0.000000  0.000000 )
     freq (   7) =       4.264609 [THz] =     142.252032 [cm-1]
(  0.000000  0.000000  0.000000  0.000000 -0.000000  0.000000 )
(  0.000000  0.000000 -0.000000  0.000000 -0.000000  0.000000 )
(  0.689359  0.000000  0.157428  0.000000  0.000000  0.000000 )
( -0.689359  0.000000 -0.157428  0.000000  0.000000  0.000000 )
     freq (   8) =       4.329619 [THz] =     144.420539 [cm-1]
(  0.000000 -0.000000 -0.000000  0.000000 -0.000000  0.000000 )
(  0.000000 -0.000000  0.000000 -0.000000 -0.000000  0.000000 )
(  0.000000 -0.000000  0.000000 -0.000000  0.707107  0.000000 )
( -0.000000  0.000000 -0.000000  0.000000 -0.707107  0.000000 )
     freq (   9) =       7.209530 [THz] =     240.484027 [cm-1]
( -0.003078  0.000000  0.650287  0.000000  0.000000  0.000000 )
( -0.003078  0.000000  0.650287  0.000000  0.000000  0.000000 )
(  0.001315  0.000000 -0.277697  0.000000 -0.000000  0.000000 )
(  0.001315  0.000000 -0.277697  0.000000  0.000000  0.000000 )
     freq (  10) =       7.209530 [THz] =     240.484027 [cm-1]
(  0.650294 -0.000000 -0.000000  0.000000  0.000000  0.000000 )
(  0.650294  0.000000  0.000000  0.000000  0.000000  0.000000 )
( -0.277700  0.000000  0.000000  0.000000  0.000000  0.000000 )
( -0.277700  0.000000  0.000000  0.000000  0.000000  0.000000 )
     freq (  11) =       7.267042 [THz] =     242.402437 [cm-1]
(  0.092712 -0.000000 -0.701003  0.000000 -0.000000  0.000000 )
( -0.092712  0.000000  0.701003  0.000000  0.000000 -0.000000 )
(  0.000000 -0.000000 -0.000000  0.000000  0.000000 -0.000000 )
( -0.000000  0.000000 -0.000000  0.000000  0.000000 -0.000000 )
     freq (  12) =       7.267042 [THz] =     242.402437 [cm-1]
(  0.707107  0.000000  0.000000  0.000000  0.000000  0.000000 )
( -0.707107  0.000000  0.000000  0.000000  0.000000  0.000000 )
( -0.000000  0.000000  0.000000  0.000000  0.000000  0.000000 )
( -0.000000  0.000000  0.000000  0.000000  0.000000  0.000000 )
 **************************************************************************
